

Fri Jan 15 17:19:57 2021
imbal_test_imbal1234_rand_cifar10_vgg_Adam's set level: 10
imbal_test_imbal1234_rand_cifar10_vgg_Adam logger is ready
imbal_test with imbalance_ratio: [0.5 0.5 0.5 0.5 1.  1.  1.  1.  1.  1. ]
parallel mode is False
initial count: cifar10: [0 1 2 3 4 5 6 7 8 9] class, each has [5000 5000 5000 5000 5000 5000 5000 5000 5000 5000]
cifar10: [0 1 2 3 4 5 6 7 8 9] class, each has [2500 2500 2500 2500 5000 5000 5000 5000 5000 5000]
Epoch@@0
Files already downloaded and verified
TRAINING class wise acc@0 :: {0: [0.0008], 1: [0.0024], 2: [0.0], 3: [0.0052], 4: [0.1742], 5: [0.1544], 6: [0.1938], 7: [0.1836], 8: [0.1384], 9: [0.1622]}
TRAIINING epoch@0 ::  acc@0.126  loss@2.472
[[   2    4    0    5  463  335  464  455  376  396]
 [   0    6    1    4  436  372  474  423  386  398]
 [   0    4    0    4  428  348  485  470  372  389]
 [   2    5    1   13  448  322  498  450  384  377]
 [   2    6    2   11  871  726  949  895  798  740]
 [   0    7    1    4  857  772 1023  858  747  731]
 [   2    5    2   14  888  683  969  903  781  753]
 [   0    6    4    8  866  778  916  918  752  752]
 [   1    3    3    2  844  750  992  894  692  819]
 [   2   12    1    5  828  754  916  915  756  811]]
TESTING class wise acc@0 :: {0: [0.0], 1: [0.0], 2: [0.0], 3: [0.0], 4: [0.002], 5: [0.0], 6: [0.998], 7: [0.0], 8: [0.0], 9: [0.0]}
TESTING epoch@0 ::  acc@0.100  loss@2.359
Epoch@@1
[[   0    0    0    0    1    0  999    0    0    0]
 [   0    0    0    0    0    0 1000    0    0    0]
 [   0    0    0    0    0    0 1000    0    0    0]
 [   0    0    0    0    1    0  998    1    0    0]
 [   0    0    0    0    2    0  993    5    0    0]
 [   0    0    0    0    0    0 1000    0    0    0]
 [   0    0    0    0    0    0  998    2    0    0]
 [   0    0    0    0    1    0  999    0    0    0]
 [   0    0    0    0    0    0 1000    0    0    0]
 [   0    0    0    0    1    0  999    0    0    0]]
TRAINING class wise acc@1 :: {0: [0.0], 1: [0.0], 2: [0.0], 3: [0.0], 4: [0.1654], 5: [0.1182], 6: [0.2104], 7: [0.1726], 8: [0.1914], 9: [0.112]}
TRAIINING epoch@1 ::  acc@0.121  loss@2.256
[[   0    0    0    0  427  284  550  480  487  272]
 [   0    0    0    0  442  321  508  465  469  295]
 [   0    0    0    0  445  313  530  448  479  285]
 [   0    0    0    0  416  326  496  459  492  311]
 [   0    0    0    0  827  647  999  937  995  595]
 [   0    0    0    0  872  591 1062  942  961  572]
 [   0    0    0    0  902  577 1052  907  966  596]
 [   0    0    0    0  832  620 1102  863  995  588]
 [   0    0    0    0  888  616 1102  903  957  534]
 [   0    0    0    0  861  633 1047  892 1007  560]]
TESTING class wise acc@1 :: {0: [0.0], 1: [0.0], 2: [0.0], 3: [0.0], 4: [0.0], 5: [0.997], 6: [0.0], 7: [0.002], 8: [0.0], 9: [0.0]}
TESTING epoch@1 ::  acc@0.100  loss@2.351
Epoch@@2
[[   0    0    0    0    0  999    0    1    0    0]
 [   0    0    0    0    1  999    0    0    0    0]
 [   0    0    0    0    4  994    0    2    0    0]
 [   0    0    0    0    2  994    0    4    0    0]
 [   0    0    0    0    0  992    0    8    0    0]
 [   0    0    0    0    2  997    0    1    0    0]
 [   0    0    0    0    1  995    0    4    0    0]
 [   0    0    0    0    0  998    0    2    0    0]
 [   0    0    0    0    0 1000    0    0    0    0]
 [   0    0    0    0    0  998    0    2    0    0]]
TRAINING class wise acc@2 :: {0: [0.0], 1: [0.0], 2: [0.0], 3: [0.0], 4: [0.22], 5: [0.1718], 6: [0.078], 7: [0.2256], 8: [0.1962], 9: [0.086]}
TRAIINING epoch@2 ::  acc@0.122  loss@2.256
[[   0    0    0    0  544  465  231  551  497  212]
 [   0    0    0    0  531  434  223  582  492  238]
 [   0    0    0    0  611  446  230  533  459  221]
 [   0    0    0    0  592  448  209  584  455  212]
 [   0    0    0    0 1100  911  469 1077  967  476]
 [   0    0    0    0 1169  859  465 1106  940  461]
 [   0    0    0    0 1121  915  390 1086 1020  468]
 [   0    0    0    0 1153  869  464 1128  945  441]
 [   0    0    0    0 1091  912  474 1117  981  425]
 [   0    0    0    0 1176  909  429 1068  988  430]]
TESTING class wise acc@2 :: {0: [0.0], 1: [0.0], 2: [0.0], 3: [0.0], 4: [0.0], 5: [0.001], 6: [0.0], 7: [0.002], 8: [1.0], 9: [0.0]}
TESTING epoch@2 ::  acc@0.100  loss@2.356
Epoch@@3
[[   0    0    0    0    0    0    0    1  999    0]
 [   0    0    0    0    0    1    0    0  999    0]
 [   0    0    0    0    0    1    0    5  994    0]
 [   0    0    0    0    0    1    0    4  995    0]
 [   0    0    0    0    0    0    0    8  992    0]
 [   0    0    0    0    0    1    1    1  997    0]
 [   0    0    0    0    0    0    0    5  995    0]
 [   0    0    0    0    0    0    0    2  998    0]
 [   0    0    0    0    0    0    0    0 1000    0]
 [   0    0    0    0    0    0    0    2  998    0]]
TRAINING class wise acc@3 :: {0: [0.0], 1: [0.0], 2: [0.0], 3: [0.0], 4: [0.1434], 5: [0.1522], 6: [0.1536], 7: [0.1522], 8: [0.158], 9: [0.208]}
TRAIINING epoch@3 ::  acc@0.121  loss@2.256
[[   0    0    0    0  354  327  397  380  475  567]
 [   0    0    0    0  332  362  446  396  392  572]
 [   0    0    0    0  346  409  384  403  399  559]
 [   0    0    0    0  365  384  401  367  412  571]
 [   0    0    0    0  717  740  810  768  809 1156]
 [   0    0    0    0  751  761  763  754  881 1090]
 [   0    0    0    0  753  801  768  728  820 1130]
 [   0    0    0    0  702  792  770  761  824 1151]
 [   0    0    0    0  731  789  809  757  790 1124]
 [   0    0    0    0  709  779  852  766  854 1040]]
TESTING class wise acc@3 :: {0: [0.0], 1: [0.0], 2: [0.0], 3: [0.0], 4: [0.0], 5: [0.0], 6: [0.0], 7: [1.0], 8: [0.0], 9: [0.0]}
TESTING epoch@3 ::  acc@0.100  loss@2.344
Epoch@@4
[[   0    0    0    0    0    0    0 1000    0    0]
 [   0    0    0    0    0    0    0 1000    0    0]
 [   0    0    0    0    0    0    0 1000    0    0]
 [   0    0    0    0    0    0    0 1000    0    0]
 [   0    0    0    0    0    0    0 1000    0    0]
 [   0    0    0    0    0    0    0 1000    0    0]
 [   0    0    0    0    0    0    0 1000    0    0]
 [   0    0    0    0    0    0    0 1000    0    0]
 [   0    0    0    0    0    0    0 1000    0    0]
 [   0    0    0    0    0    0    0 1000    0    0]]
TRAINING class wise acc@4 :: {0: [0.0], 1: [0.0], 2: [0.0], 3: [0.0], 4: [0.184], 5: [0.1912], 6: [0.1112], 7: [0.2048], 8: [0.1442], 9: [0.1666]}
TRAIINING epoch@4 ::  acc@0.125  loss@2.256
[[   0    0    0    0  494  445  259  516  360  426]
 [   0    0    0    0  472  475  272  487  388  406]
 [   0    0    0    0  467  496  233  530  361  413]
 [   0    0    0    0  506  490  224  498  370  412]
 [   0    0    0    0  920 1030  542 1000  725  783]
 [   0    0    0    0  935  956  529 1021  755  804]
 [   0    0    0    0  936  944  556 1026  749  789]
 [   0    0    0    0  910  923  537 1024  777  829]
 [   0    0    0    0  911  949  547 1039  721  833]
 [   0    0    0    0  937  972  525 1051  682  833]]
TESTING class wise acc@4 :: {0: [0.0], 1: [0.0], 2: [0.0], 3: [0.0], 4: [0.994], 5: [0.0], 6: [0.0], 7: [0.0], 8: [0.0], 9: [0.0]}
TESTING epoch@4 ::  acc@0.099  loss@2.346
Epoch@@5
[[   0    0    0    0  999    0    0    1    0    0]
 [   0    0    0    0 1000    0    0    0    0    0]
 [   0    0    0    0 1000    0    0    0    0    0]
 [   0    0    0    0  998    0    0    2    0    0]
 [   0    0    0    0  994    0    0    6    0    0]
 [   0    0    0    0 1000    0    0    0    0    0]
 [   0    0    0    0  998    0    0    2    0    0]
 [   0    0    0    0 1000    0    0    0    0    0]
 [   0    0    0    0 1000    0    0    0    0    0]
 [   0    0    0    0 1000    0    0    0    0    0]]
TRAINING class wise acc@5 :: {0: [0.0], 1: [0.0], 2: [0.0], 3: [0.0], 4: [0.214], 5: [0.1944], 6: [0.0624], 7: [0.1536], 8: [0.1976], 9: [0.1668]}
TRAIINING epoch@5 ::  acc@0.124  loss@2.256
[[   0    0    0    0  517  467  178  421  490  427]
 [   0    0    0    0  519  481  177  403  491  429]
 [   0    0    0    0  533  441  164  406  510  446]
 [   0    0    0    0  518  480  157  406  512  427]
 [   0    0    0    0 1070  969  340  783 1027  811]
 [   0    0    0    0 1029  972  329  770 1004  896]
 [   0    0    0    0 1047  967  312  811 1033  830]
 [   0    0    0    0 1052  980  328  768 1005  867]
 [   0    0    0    0 1048  961  379  807  988  817]
 [   0    0    0    0 1051  962  324  825 1004  834]]
TESTING class wise acc@5 :: {0: [0.0], 1: [0.0], 2: [0.0], 3: [0.0], 4: [0.993], 5: [0.0], 6: [0.0], 7: [0.001], 8: [0.0], 9: [0.0]}
TESTING epoch@5 ::  acc@0.099  loss@2.359
Epoch@@6
[[   0    0    0    0  999    0    0    1    0    0]
 [   0    0    0    0 1000    0    0    0    0    0]
 [   0    0    0    0 1000    0    0    0    0    0]
 [   0    0    0    0  997    0    0    3    0    0]
 [   0    0    0    0  993    0    0    7    0    0]
 [   0    0    0    0 1000    0    0    0    0    0]
 [   0    0    0    0  998    0    0    2    0    0]
 [   0    0    0    0  999    0    0    1    0    0]
 [   0    0    0    0 1000    0    0    0    0    0]
 [   0    0    0    0  998    0    0    2    0    0]]
TRAINING class wise acc@6 :: {0: [0.0], 1: [0.0], 2: [0.0], 3: [0.0], 4: [0.142], 5: [0.1406], 6: [0.144], 7: [0.1324], 8: [0.2492], 9: [0.1764]}
TRAIINING epoch@6 ::  acc@0.123  loss@2.256
[[   0    0    0    0  363  358  348  354  641  436]
 [   0    0    0    0  376  339  338  359  644  444]
 [   0    0    0    0  337  345  356  334  644  484]
 [   0    0    0    0  360  385  339  341  605  470]
 [   0    0    0    0  710  714  717  693 1255  911]
 [   0    0    0    0  712  703  750  683 1239  913]
 [   0    0    0    0  716  708  720  685 1286  885]
 [   0    0    0    0  715  721  729  662 1276  897]
 [   0    0    0    0  754  685  694  711 1246  910]
 [   0    0    0    0  717  674  769  682 1276  882]]
TESTING class wise acc@6 :: {0: [0.0], 1: [0.0], 2: [0.0], 3: [0.0], 4: [0.0], 5: [0.0], 6: [0.0], 7: [0.002], 8: [0.0], 9: [0.998]}
TESTING epoch@6 ::  acc@0.100  loss@2.354
Epoch@@7
[[   0    0    0    0    0    0    0    1    0  999]
 [   0    0    0    0    0    0    0    0    0 1000]
 [   0    0    0    0    0    0    0    0    0 1000]
 [   0    0    0    0    1    0    0    3    0  996]
 [   0    0    0    0    0    0    0    7    0  993]
 [   0    0    0    0    0    0    0    1    0  999]
 [   0    0    0    0    1    0    0    3    0  996]
 [   0    0    0    0    0    0    0    2    0  998]
 [   0    0    0    0    0    0    0    0    0 1000]
 [   0    0    0    0    0    0    0    2    0  998]]
TRAINING class wise acc@7 :: {0: [0.0], 1: [0.0], 2: [0.0], 3: [0.0], 4: [0.2094], 5: [0.202], 6: [0.2222], 7: [0.036], 8: [0.0978], 9: [0.2296]}
TRAIINING epoch@7 ::  acc@0.125  loss@2.256
[[   0    0    0    0  511  510  557   94  234  594]
 [   0    0    0    0  533  484  563  101  269  550]
 [   0    0    0    0  488  487  584  108  251  582]
 [   0    0    0    0  494  501  559   98  237  611]
 [   0    0    0    0 1047  953 1160  195  485 1160]
 [   0    0    0    0 1044 1010 1080  234  466 1166]
 [   0    0    0    0  998 1031 1111  228  517 1115]
 [   0    0    0    0 1068 1030 1123  180  472 1127]
 [   0    0    0    0 1023  996 1121  208  489 1163]
 [   0    0    0    0  986 1062 1102  218  484 1148]]
TESTING class wise acc@7 :: {0: [0.0], 1: [0.0], 2: [0.0], 3: [0.0], 4: [0.002], 5: [0.0], 6: [0.0], 7: [0.001], 8: [1.0], 9: [0.0]}
TESTING epoch@7 ::  acc@0.100  loss@2.355
Epoch@@8
[[   0    0    0    0    0    0    0    1  999    0]
 [   0    0    0    0    0    0    0    0 1000    0]
 [   0    0    0    0    3    0    0    0  997    0]
 [   0    0    0    0    2    0    0    2  996    0]
 [   0    0    0    0    2    0    0    6  992    0]
 [   0    0    0    0    1    0    0    0  999    0]
 [   0    0    0    0    3    0    0    2  995    0]
 [   0    0    0    0    1    0    0    1  998    0]
 [   0    0    0    0    0    0    0    0 1000    0]
 [   0    0    0    0    1    0    0    1  998    0]]
TRAINING class wise acc@8 :: {0: [0.0], 1: [0.0], 2: [0.0], 3: [0.0], 4: [0.1698], 5: [0.1294], 6: [0.1328], 7: [0.2548], 8: [0.2346], 9: [0.0906]}
TRAIINING epoch@8 ::  acc@0.126  loss@2.256
[[   0    0    0    0  431  319  334  647  560  209]
 [   0    0    0    0  438  294  344  662  548  214]
 [   0    0    0    0  445  315  343  645  557  195]
 [   0    0    0    0  458  295  354  637  550  206]
 [   0    0    0    0  849  640  686 1275 1135  415]
 [   0    0    0    0  887  647  675 1240 1114  437]
 [   0    0    0    0  878  696  664 1237 1078  447]
 [   0    0    0    0  903  628  642 1274 1112  441]
 [   0    0    0    0  841  636  668 1243 1173  439]
 [   0    0    0    0  846  650  666 1252 1133  453]]
TESTING class wise acc@8 :: {0: [0.0], 1: [0.0], 2: [0.0], 3: [0.0], 4: [0.992], 5: [0.0], 6: [0.0], 7: [0.002], 8: [0.0], 9: [0.0]}
TESTING epoch@8 ::  acc@0.099  loss@2.364
Epoch@@9
[[   0    0    0    0  999    0    0    1    0    0]
 [   0    0    0    0 1000    0    0    0    0    0]
 [   0    0    0    0 1000    0    0    0    0    0]
 [   0    0    0    0  996    0    0    4    0    0]
 [   0    0    0    0  992    0    0    8    0    0]
 [   0    0    0    0  999    0    0    1    0    0]
 [   0    0    0    0  996    0    0    4    0    0]
 [   0    0    0    0  998    0    0    2    0    0]
 [   0    0    0    0 1000    0    0    0    0    0]
 [   0    0    0    0  998    0    0    2    0    0]]
TRAINING class wise acc@9 :: {0: [0.0], 1: [0.0], 2: [0.0], 3: [0.0], 4: [0.2516], 5: [0.1228], 6: [0.2436], 7: [0.1274], 8: [0.1152], 9: [0.1516]}
TRAIINING epoch@9 ::  acc@0.127  loss@2.256
[[   0    0    0    0  629  306  570  336  265  394]
 [   0    0    0    0  656  295  566  329  280  374]
 [   0    0    0    0  577  324  614  340  279  366]
 [   0    0    0    0  616  298  594  316  284  392]
 [   0    0    0    0 1258  568 1168  651  575  780]
 [   0    0    0    0 1256  614 1252  590  508  780]
 [   0    0    0    0 1221  636 1218  668  491  766]
 [   0    0    0    0 1244  615 1222  637  532  750]
 [   0    0    0    0 1244  606 1179  611  576  784]
 [   0    0    0    0 1219  602 1217  642  562  758]]
TESTING class wise acc@9 :: {0: [0.0], 1: [0.0], 2: [0.0], 3: [0.0], 4: [0.993], 5: [0.0], 6: [0.0], 7: [0.001], 8: [0.0], 9: [0.0]}
TESTING epoch@9 ::  acc@0.099  loss@2.369
Epoch@@10
[[   0    0    0    0  999    0    0    1    0    0]
 [   0    0    0    0 1000    0    0    0    0    0]
 [   0    0    0    0 1000    0    0    0    0    0]
 [   0    0    0    0  997    0    0    3    0    0]
 [   0    0    0    0  993    0    0    7    0    0]
 [   0    0    0    0  999    0    0    1    0    0]
 [   0    0    0    0  998    0    0    2    0    0]
 [   0    0    0    0  999    0    0    1    0    0]
 [   0    0    0    0 1000    0    0    0    0    0]
 [   0    0    0    0  998    0    0    2    0    0]]
TRAINING class wise acc@10 :: {0: [0.0], 1: [0.0], 2: [0.0], 3: [0.0], 4: [0.2096], 5: [0.186], 6: [0.2268], 7: [0.1012], 8: [0.0914], 9: [0.1936]}
TRAIINING epoch@10 ::  acc@0.126  loss@2.256
[[   0    0    0    0  513  468  561  217  254  487]
 [   0    0    0    0  531  460  560  248  198  503]
 [   0    0    0    0  544  473  529  262  228  464]
 [   0    0    0    0  533  447  556  242  234  488]
 [   0    0    0    0 1048  939 1094  513  473  933]
 [   0    0    0    0 1036  930 1139  491  455  949]
 [   0    0    0    0 1027  885 1134  557  463  934]
 [   0    0    0    0 1047  907 1139  506  457  944]
 [   0    0    0    0 1016  914 1148  519  457  946]
 [   0    0    0    0 1025  873 1100  541  493  968]]
TESTING class wise acc@10 :: {0: [0.0], 1: [0.0], 2: [0.0], 3: [0.0], 4: [0.001], 5: [0.0], 6: [0.0], 7: [0.001], 8: [0.0], 9: [0.998]}
TESTING epoch@10 ::  acc@0.100  loss@2.364
Epoch@@11
[[   0    0    0    0    0    0    0    1    0  999]
 [   0    0    0    0    0    0    0    0    0 1000]
 [   0    0    0    0    0    0    0    0    0 1000]
 [   0    0    0    0    1    0    0    3    0  996]
 [   0    0    0    0    1    0    0    7    0  992]
 [   0    0    0    0    0    0    0    1    0  999]
 [   0    0    0    0    1    0    0    3    0  996]
 [   0    0    0    0    1    0    0    1    0  998]
 [   0    0    0    0    0    0    0    0    0 1000]
 [   0    0    0    0    0    0    0    2    0  998]]
TRAINING class wise acc@11 :: {0: [0.0], 1: [0.0], 2: [0.0], 3: [0.0], 4: [0.1392], 5: [0.2398], 6: [0.129], 7: [0.1956], 8: [0.1776], 9: [0.1304]}
TRAIINING epoch@11 ::  acc@0.126  loss@2.256
[[   0    0    0    0  372  605  335  489  425  274]
 [   0    0    0    0  335  614  303  500  416  332]
 [   0    0    0    0  315  586  326  522  471  280]
 [   0    0    0    0  307  594  316  471  467  345]
 [   0    0    0    0  696 1208  574  960  928  634]
 [   0    0    0    0  692 1199  620  929  911  649]
 [   0    0    0    0  679 1175  645  932  935  634]
 [   0    0    0    0  650 1156  672  978  874  670]
 [   0    0    0    0  676 1154  638 1058  888  586]
 [   0    0    0    0  654 1181  691  969  853  652]]
TESTING class wise acc@11 :: {0: [0.0], 1: [0.0], 2: [0.0], 3: [0.0], 4: [0.001], 5: [0.0], 6: [0.0], 7: [0.001], 8: [0.0], 9: [0.998]}
TESTING epoch@11 ::  acc@0.100  loss@2.345
Epoch@@12
[[   0    0    0    0    0    0    0    1    0  999]
 [   0    0    0    0    0    0    0    0    0 1000]
 [   0    0    0    0    1    0    0    0    0  999]
 [   0    0    0    0    1    0    0    3    0  996]
 [   0    0    0    0    1    0    0    7    0  992]
 [   0    0    0    0    1    0    0    0    0  999]
 [   0    0    0    0    3    0    0    2    0  995]
 [   0    0    0    0    1    0    0    1    0  998]
 [   0    0    0    0    0    0    0    0    0 1000]
 [   0    0    0    0    0    0    0    2    0  998]]
TRAINING class wise acc@12 :: {0: [0.0], 1: [0.0], 2: [0.0], 3: [0.0], 4: [0.1944], 5: [0.1264], 6: [0.1756], 7: [0.1478], 8: [0.1464], 9: [0.2128]}
TRAIINING epoch@12 ::  acc@0.125  loss@2.257
[[   0    0    0    0  477  304  441  381  354  543]
 [   0    0    0    0  485  266  420  406  368  555]
 [   0    0    0    0  444  309  408  376  404  559]
 [   0    0    0    0  489  282  431  391  364  543]
 [   0    0    0    0  972  640  830  737  776 1045]
 [   0    0    0    0 1005  632  845  762  686 1070]
 [   0    0    0    0  991  579  878  789  708 1055]
 [   0    0    0    0  953  634  852  739  764 1058]
 [   0    0    0    0 1004  622  861  697  732 1084]
 [   0    0    0    0  988  596  882  738  732 1064]]
TESTING class wise acc@12 :: {0: [0.0], 1: [0.0], 2: [0.0], 3: [0.0], 4: [0.0], 5: [0.0], 6: [0.998], 7: [0.001], 8: [0.0], 9: [0.0]}
TESTING epoch@12 ::  acc@0.100  loss@2.366
Epoch@@13
[[   0    0    0    0    0    0  999    1    0    0]
 [   0    0    0    0    0    0 1000    0    0    0]
 [   0    0    0    0    0    0 1000    0    0    0]
 [   0    0    0    0    0    0  997    3    0    0]
 [   0    0    0    0    0    0  993    7    0    0]
 [   0    0    0    0    0    0  999    1    0    0]
 [   0    0    0    0    0    0  998    2    0    0]
 [   0    0    0    0    0    0  999    1    0    0]
 [   0    0    0    0    0    0 1000    0    0    0]
 [   0    0    0    0    0    0  998    2    0    0]]
TRAINING class wise acc@13 :: {0: [0.0], 1: [0.0], 2: [0.0], 3: [0.0], 4: [0.0854], 5: [0.1878], 6: [0.234], 7: [0.1492], 8: [0.1592], 9: [0.1782]}
TRAIINING epoch@13 ::  acc@0.124  loss@2.256
[[   0    0    0    0  194  467  572  373  434  460]
 [   0    0    0    0  206  492  564  363  407  468]
 [   0    0    0    0  215  488  542  363  413  479]
 [   0    0    0    0  209  515  554  359  390  473]
 [   0    0    0    0  427  961 1123  744  827  918]
 [   0    0    0    0  467  939 1149  718  846  881]
 [   0    0    0    0  427  958 1170  726  805  914]
 [   0    0    0    0  448  913 1134  746  818  941]
 [   0    0    0    0  438  993 1147  755  796  871]
 [   0    0    0    0  425 1018 1133  741  792  891]]
TESTING class wise acc@13 :: {0: [0.0], 1: [0.0], 2: [0.0], 3: [0.0], 4: [0.0], 5: [0.998], 6: [0.0], 7: [0.002], 8: [0.0], 9: [0.0]}
TESTING epoch@13 ::  acc@0.100  loss@2.352
Epoch@@14
[[   0    0    0    0    0  999    0    1    0    0]
 [   0    0    0    0    0 1000    0    0    0    0]
 [   0    0    0    0    6  994    0    0    0    0]
 [   0    0    0    0    1  995    0    4    0    0]
 [   0    0    0    0    0  992    0    8    0    0]
 [   0    0    0    0    1  998    0    1    0    0]
 [   0    0    0    0    1  995    0    4    0    0]
 [   0    0    0    0    0  998    0    2    0    0]
 [   0    0    0    0    0 1000    0    0    0    0]
 [   0    0    0    0    0  998    0    2    0    0]]
TRAINING class wise acc@14 :: {0: [0.0], 1: [0.0], 2: [0.0], 3: [0.0], 4: [0.1528], 5: [0.2118], 6: [0.193], 7: [0.0858], 8: [0.1608], 9: [0.2032]}
TRAIINING epoch@14 ::  acc@0.126  loss@2.256
[[   0    0    0    0  358  524  457  249  427  485]
 [   0    0    0    0  374  534  455  215  402  520]
 [   0    0    0    0  378  536  450  222  405  509]
 [   0    0    0    0  399  489  481  225  395  511]
 [   0    0    0    0  764  998  912  456  813 1057]
 [   0    0    0    0  756 1059  964  441  836  944]
 [   0    0    0    0  726 1065  965  417  836  991]
 [   0    0    0    0  753 1086  894  429  847  991]
 [   0    0    0    0  714 1033  939  470  804 1040]
 [   0    0    0    0  794 1060  907  460  763 1016]]
TESTING class wise acc@14 :: {0: [0.0], 1: [0.0], 2: [0.0], 3: [0.0], 4: [0.0], 5: [0.997], 6: [0.0], 7: [0.002], 8: [0.0], 9: [0.0]}
TESTING epoch@14 ::  acc@0.100  loss@2.368
Epoch@@15
[[   0    0    0    0    0  999    0    1    0    0]
 [   0    0    0    0    0  999    0    1    0    0]
 [   0    0    0    0    0  994    0    6    0    0]
 [   0    0    0    0    0  995    0    5    0    0]
 [   0    0    0    0    0  992    0    8    0    0]
 [   0    0    0    0    0  997    0    3    0    0]
 [   0    0    0    0    0  995    0    5    0    0]
 [   0    0    0    0    0  998    0    2    0    0]
 [   0    0    0    0    0 1000    0    0    0    0]
 [   0    0    0    0    0  998    0    2    0    0]]
TRAINING class wise acc@15 :: {0: [0.0], 1: [0.0], 2: [0.0], 3: [0.0], 4: [0.1958], 5: [0.126], 6: [0.18], 7: [0.1584], 8: [0.148], 9: [0.188]}
TRAIINING epoch@15 ::  acc@0.125  loss@2.256
[[   0    0    0    0  507  309  405  395  393  491]
 [   0    0    0    0  525  345  443  377  334  476]
 [   0    0    0    0  514  329  461  385  339  472]
 [   0    0    0    0  471  327  430  432  358  482]
 [   0    0    0    0  979  655  929  780  692  965]
 [   0    0    0    0  969  630  939  803  739  920]
 [   0    0    0    0  982  644  900  776  681 1017]
 [   0    0    0    0  967  673  886  792  696  986]
 [   0    0    0    0 1016  690  879  744  740  931]
 [   0    0    0    0 1006  646  896  788  724  940]]
TESTING class wise acc@15 :: {0: [0.0], 1: [0.0], 2: [0.0], 3: [0.0], 4: [0.0], 5: [0.0], 6: [0.0], 7: [0.002], 8: [1.0], 9: [0.0]}
TESTING epoch@15 ::  acc@0.100  loss@2.358
Epoch@@16
[[   0    0    0    0    0    0    0    1  999    0]
 [   0    0    0    0    0    0    0    0 1000    0]
 [   0    0    0    0    0    0    0    1  999    0]
 [   0    0    0    0    0    0    0    4  996    0]
 [   0    0    0    0    0    0    0    8  992    0]
 [   0    0    0    0    0    0    0    1  999    0]
 [   0    0    0    0    0    0    0    4  996    0]
 [   0    0    0    0    0    0    0    2  998    0]
 [   0    0    0    0    0    0    0    0 1000    0]
 [   0    0    0    0    0    0    0    2  998    0]]
TRAINING class wise acc@16 :: {0: [0.0], 1: [0.0], 2: [0.0], 3: [0.0], 4: [0.0876], 5: [0.2212], 6: [0.1144], 7: [0.0974], 8: [0.2928], 9: [0.186]}
TRAIINING epoch@16 ::  acc@0.125  loss@2.256
[[   0    0    0    0  222  527  289  258  731  473]
 [   0    0    0    0  241  551  319  255  676  458]
 [   0    0    0    0  214  518  302  239  733  494]
 [   0    0    0    0  198  556  307  230  726  483]
 [   0    0    0    0  438 1111  629  500 1405  917]
 [   0    0    0    0  442 1106  646  492 1408  906]
 [   0    0    0    0  447 1116  572  495 1437  933]
 [   0    0    0    0  444 1087  608  487 1403  971]
 [   0    0    0    0  432 1073  590  518 1464  923]
 [   0    0    0    0  506 1059  602  494 1409  930]]
TESTING class wise acc@16 :: {0: [0.0], 1: [0.0], 2: [0.0], 3: [0.0], 4: [0.0], 5: [0.0], 6: [0.0], 7: [0.001], 8: [0.0], 9: [0.998]}
TESTING epoch@16 ::  acc@0.100  loss@2.349
Epoch@@17
[[   0    0    0    0    0    0    0    1    0  999]
 [   0    0    0    0    0    0    0    0    0 1000]
 [   0    0    0    0    0    0    0    0    0 1000]
 [   0    0    0    0    0    0    0    3    0  997]
 [   0    0    0    0    0    0    0    7    0  993]
 [   0    0    0    0    0    0    0    1    0  999]
 [   0    0    0    0    0    0    0    3    0  997]
 [   0    0    0    0    0    0    0    1    0  999]
 [   0    0    0    0    0    0    0    0    0 1000]
 [   0    0    0    0    0    0    0    2    0  998]]
TRAINING class wise acc@17 :: {0: [0.0], 1: [0.0], 2: [0.0], 3: [0.0], 4: [0.1594], 5: [0.13], 6: [0.118], 7: [0.1456], 8: [0.139], 9: [0.2872]}
TRAIINING epoch@17 ::  acc@0.122  loss@2.256
[[   0    0    0    0  382  353  316  354  371  724]
 [   0    0    0    0  412  334  321  391  332  710]
 [   0    0    0    0  434  363  297  365  339  702]
 [   0    0    0    0  360  382  303  372  370  713]
 [   0    0    0    0  797  691  623  786  690 1413]
 [   0    0    0    0  837  650  653  738  697 1425]
 [   0    0    0    0  825  758  590  711  661 1455]
 [   0    0    0    0  808  722  583  728  691 1468]
 [   0    0    0    0  828  689  608  706  695 1474]
 [   0    0    0    0  845  690  634  737  658 1436]]
TESTING class wise acc@17 :: {0: [0.0], 1: [0.0], 2: [0.0], 3: [0.0], 4: [0.001], 5: [0.0], 6: [0.996], 7: [0.001], 8: [0.0], 9: [0.0]}
TESTING epoch@17 ::  acc@0.100  loss@2.349
Epoch@@18
[[   0    0    0    0    0    0  999    1    0    0]
 [   0    0    0    0    0    0 1000    0    0    0]
 [   0    0    0    0    0    0 1000    0    0    0]
 [   0    0    0    0    2    0  996    2    0    0]
 [   0    0    0    0    1    0  992    7    0    0]
 [   0    0    0    0    1    0  999    0    0    0]
 [   0    0    0    0    2    0  996    2    0    0]
 [   0    0    0    0    1    0  998    1    0    0]
 [   0    0    0    0    0    0 1000    0    0    0]
 [   0    0    0    0    0    0  998    2    0    0]]
TRAINING class wise acc@18 :: {0: [0.0], 1: [0.0], 2: [0.0], 3: [0.0], 4: [0.0974], 5: [0.1434], 6: [0.1528], 7: [0.2518], 8: [0.1588], 9: [0.1704]}
TRAIINING epoch@18 ::  acc@0.122  loss@2.255
[[   0    0    0    0  288  348  398  605  418  443]
 [   0    0    0    0  256  407  404  600  410  423]
 [   0    0    0    0  245  374  416  596  414  455]
 [   0    0    0    0  265  359  380  637  411  448]
 [   0    0    0    0  487  735  815 1231  843  889]
 [   0    0    0    0  511  717  803 1209  835  925]
 [   0    0    0    0  524  759  764 1208  857  888]
 [   0    0    0    0  527  771  774 1259  811  858]
 [   0    0    0    0  482  776  817 1208  794  923]
 [   0    0    0    0  511  770  829 1175  863  852]]
TESTING class wise acc@18 :: {0: [0.0], 1: [0.0], 2: [0.0], 3: [0.0], 4: [0.001], 5: [0.0], 6: [0.0], 7: [0.002], 8: [1.0], 9: [0.0]}
TESTING epoch@18 ::  acc@0.100  loss@2.364
Epoch@@19
[[   0    0    0    0    0    0    0    1  999    0]
 [   0    0    0    0    0    0    0    0 1000    0]
 [   0    0    0    0    0    0    0    0 1000    0]
 [   0    0    0    0    0    0    0    4  996    0]
 [   0    0    0    0    1    0    0    7  992    0]
 [   0    0    0    0    0    0    0    1  999    0]
 [   0    0    0    0    0    0    0    4  996    0]
 [   0    0    0    0    0    0    0    2  998    0]
 [   0    0    0    0    0    0    0    0 1000    0]
 [   0    0    0    0    0    0    0    2  998    0]]
TRAINING class wise acc@19 :: {0: [0.0], 1: [0.0], 2: [0.0], 3: [0.0], 4: [0.1788], 5: [0.2074], 6: [0.0762], 7: [0.1358], 8: [0.2298], 9: [0.173]}
TRAIINING epoch@19 ::  acc@0.125  loss@2.256
[[   0    0    0    0  456  548  169  329  554  444]
 [   0    0    0    0  489  523  200  332  536  420]
 [   0    0    0    0  467  530  191  336  537  439]
 [   0    0    0    0  449  521  181  339  563  447]
 [   0    0    0    0  894 1039  358  721 1149  839]
 [   0    0    0    0  919 1037  360  665 1099  920]
 [   0    0    0    0  917 1032  381  678 1117  875]
 [   0    0    0    0  973 1042  370  679 1124  812]
 [   0    0    0    0  916 1018  376  690 1149  851]
 [   0    0    0    0  944 1030  358  671 1132  865]]
TESTING class wise acc@19 :: {0: [0.0], 1: [0.0], 2: [0.0], 3: [0.0], 4: [0.0], 5: [0.0], 6: [0.0], 7: [1.0], 8: [0.0], 9: [0.0]}
TESTING epoch@19 ::  acc@0.100  loss@2.359
Epoch@@20
[[   0    0    0    0    0    0    0 1000    0    0]
 [   0    0    0    0    0    0    0 1000    0    0]
 [   0    0    0    0    0    0    0 1000    0    0]
 [   0    0    0    0    0    0    0 1000    0    0]
 [   0    0    0    0    0    0    0 1000    0    0]
 [   0    0    0    0    0    0    0 1000    0    0]
 [   0    0    0    0    0    0    0 1000    0    0]
 [   0    0    0    0    0    0    0 1000    0    0]
 [   0    0    0    0    0    0    0 1000    0    0]
 [   0    0    0    0    0    0    0 1000    0    0]]
TRAINING class wise acc@20 :: {0: [0.0], 1: [0.0], 2: [0.0], 3: [0.0], 4: [0.1104], 5: [0.1238], 6: [0.201], 7: [0.129], 8: [0.1986], 9: [0.244]}
TRAIINING epoch@20 ::  acc@0.126  loss@2.256
[[   0    0    0    0  277  319  480  334  489  601]
 [   0    0    0    0  248  302  510  338  534  568]
 [   0    0    0    0  288  308  485  334  464  621]
 [   0    0    0    0  279  310  501  343  491  576]
 [   0    0    0    0  552  633  981  670  965 1199]
 [   0    0    0    0  509  619  994  687  974 1217]
 [   0    0    0    0  539  621 1005  685  977 1173]
 [   0    0    0    0  539  661  999  645  942 1214]
 [   0    0    0    0  567  618 1014  661  993 1147]
 [   0    0    0    0  554  601  967  679  979 1220]]
TESTING class wise acc@20 :: {0: [0.0], 1: [0.0], 2: [0.0], 3: [0.0], 4: [0.0], 5: [0.0], 6: [0.0], 7: [0.002], 8: [0.0], 9: [0.998]}
TESTING epoch@20 ::  acc@0.100  loss@2.351
Epoch@@21
[[   0    0    0    0    0    0    0    1    0  999]
 [   0    0    0    0    0    0    0    2    0  998]
 [   0    0    0    0    0    0    0    6    0  994]
 [   0    0    0    0    0    0    0    6    0  994]
 [   0    0    0    0    0    0    0    8    0  992]
 [   0    0    0    0    0    0    0    3    0  997]
 [   0    0    0    0    0    0    0    5    0  995]
 [   0    0    0    0    0    0    0    2    0  998]
 [   0    0    0    0    0    0    0    0    0 1000]
 [   0    0    0    0    0    0    0    2    0  998]]
TRAINING class wise acc@21 :: {0: [0.0], 1: [0.0], 2: [0.0], 3: [0.0], 4: [0.1732], 5: [0.2552], 6: [0.1924], 7: [0.1222], 8: [0.0992], 9: [0.159]}
TRAIINING epoch@21 ::  acc@0.125  loss@2.256
[[   0    0    0    0  434  608  453  301  260  444]
 [   0    0    0    0  427  605  464  335  256  413]
 [   0    0    0    0  412  641  496  300  254  397]
 [   0    0    0    0  438  676  448  290  255  393]
 [   0    0    0    0  866 1269  947  594  502  822]
 [   0    0    0    0  896 1276  865  621  540  802]
 [   0    0    0    0  849 1272  962  618  483  816]
 [   0    0    0    0  856 1258  934  611  500  841]
 [   0    0    0    0  889 1273  913  624  496  805]
 [   0    0    0    0  909 1234  942  570  550  795]]
TESTING class wise acc@21 :: {0: [0.0], 1: [0.0], 2: [0.0], 3: [0.0], 4: [0.994], 5: [0.0], 6: [0.0], 7: [0.001], 8: [0.0], 9: [0.0]}
TESTING epoch@21 ::  acc@0.100  loss@2.367
Epoch@@22
[[   0    0    0    0  999    0    0    1    0    0]
 [   0    0    0    0 1000    0    0    0    0    0]
 [   0    0    0    0 1000    0    0    0    0    0]
 [   0    0    0    0  998    0    0    2    0    0]
 [   0    0    0    0  994    0    0    6    0    0]
 [   0    0    0    0 1000    0    0    0    0    0]
 [   0    0    0    0  998    0    0    2    0    0]
 [   0    0    0    0  999    0    0    1    0    0]
 [   0    0    0    0 1000    0    0    0    0    0]
 [   0    0    0    0  999    0    0    1    0    0]]
TRAINING class wise acc@22 :: {0: [0.0], 1: [0.0], 2: [0.0], 3: [0.0], 4: [0.0884], 5: [0.2544], 6: [0.1858], 7: [0.1568], 8: [0.1318], 9: [0.1596]}
TRAIINING epoch@22 ::  acc@0.122  loss@2.256
[[   0    0    0    0  198  712  500  376  335  379]
 [   0    0    0    0  233  651  487  382  372  375]
 [   0    0    0    0  222  680  487  363  358  390]
 [   0    0    0    0  243  612  500  386  351  408]
 [   0    0    0    0  442 1325  969  790  714  760]
 [   0    0    0    0  465 1272  974  742  704  843]
 [   0    0    0    0  466 1333  929  806  699  767]
 [   0    0    0    0  470 1308 1008  784  652  778]
 [   0    0    0    0  491 1310  959  807  659  774]
 [   0    0    0    0  482 1293  995  772  660  798]]
TESTING class wise acc@22 :: {0: [0.0], 1: [0.0], 2: [0.0], 3: [0.0], 4: [0.0], 5: [0.0], 6: [0.0], 7: [1.0], 8: [0.0], 9: [0.0]}
TESTING epoch@22 ::  acc@0.100  loss@2.355
Epoch@@23
[[   0    0    0    0    0    0    0 1000    0    0]
 [   0    0    0    0    0    0    0 1000    0    0]
 [   0    0    0    0    0    0    0 1000    0    0]
 [   0    0    0    0    0    0    0 1000    0    0]
 [   0    0    0    0    0    0    0 1000    0    0]
 [   0    0    0    0    0    0    0 1000    0    0]
 [   0    0    0    0    0    0    0 1000    0    0]
 [   0    0    0    0    0    0    0 1000    0    0]
 [   0    0    0    0    0    0    0 1000    0    0]
 [   0    0    0    0    0    0    0 1000    0    0]]
TRAINING class wise acc@23 :: {0: [0.0], 1: [0.0], 2: [0.0], 3: [0.0], 4: [0.1676], 5: [0.1372], 6: [0.2658], 7: [0.195], 8: [0.08], 9: [0.1588]}
TRAIINING epoch@23 ::  acc@0.126  loss@2.256
[[   0    0    0    0  460  343  663  479  191  364]
 [   0    0    0    0  424  379  641  499  203  354]
 [   0    0    0    0  407  375  680  472  211  355]
 [   0    0    0    0  420  374  625  484  219  378]
 [   0    0    0    0  838  729 1332  960  383  758]
 [   0    0    0    0  869  686 1324  928  430  763]
 [   0    0    0    0  855  695 1329  949  440  732]
 [   0    0    0    0  837  705 1330  975  419  734]
 [   0    0    0    0  816  722 1310  968  400  784]
 [   0    0    0    0  858  688 1262  966  432  794]]
TESTING class wise acc@23 :: {0: [0.0], 1: [0.0], 2: [0.0], 3: [0.0], 4: [0.0], 5: [0.999], 6: [0.0], 7: [0.002], 8: [0.0], 9: [0.0]}
TESTING epoch@23 ::  acc@0.100  loss@2.357
Epoch@@24
[[   0    0    0    0    0  999    0    1    0    0]
 [   0    0    0    0    0 1000    0    0    0    0]
 [   0    0    0    0    0  999    0    1    0    0]
 [   0    0    0    0    0  996    0    4    0    0]
 [   0    0    0    0    0  992    0    8    0    0]
 [   0    0    0    0    0  999    0    1    0    0]
 [   0    0    0    0    0  996    0    4    0    0]
 [   0    0    0    0    0  998    0    2    0    0]
 [   0    0    0    0    0 1000    0    0    0    0]
 [   0    0    0    0    0  998    0    2    0    0]]
TRAINING class wise acc@24 :: {0: [0.0], 1: [0.0], 2: [0.0], 3: [0.0], 4: [0.243], 5: [0.1456], 6: [0.1374], 7: [0.164], 8: [0.1558], 9: [0.1544]}
TRAIINING epoch@24 ::  acc@0.125  loss@2.256
[[   0    0    0    0  540  348  362  428  412  410]
 [   0    0    0    0  553  382  357  451  392  365]
 [   0    0    0    0  560  376  367  421  383  393]
 [   0    0    0    0  585  356  358  410  363  428]
 [   0    0    0    0 1215  731  705  770  806  773]
 [   0    0    0    0 1147  728  726  826  755  818]
 [   0    0    0    0 1138  701  687  866  738  870]
 [   0    0    0    0 1161  710  717  820  777  815]
 [   0    0    0    0 1167  707  746  845  779  756]
 [   0    0    0    0 1214  721  735  819  739  772]]
TESTING class wise acc@24 :: {0: [0.0], 1: [0.0], 2: [0.0], 3: [0.0], 4: [0.995], 5: [0.0], 6: [0.0], 7: [0.0], 8: [0.0], 9: [0.0]}
TESTING epoch@24 ::  acc@0.100  loss@2.361
Epoch@@25
[[   0    0    0    0 1000    0    0    0    0    0]
 [   0    0    0    0 1000    0    0    0    0    0]
 [   0    0    0    0 1000    0    0    0    0    0]
 [   0    0    0    0  999    0    0    1    0    0]
 [   0    0    0    0  995    0    0    5    0    0]
 [   0    0    0    0 1000    0    0    0    0    0]
 [   0    0    0    0  998    0    0    2    0    0]
 [   0    0    0    0 1000    0    0    0    0    0]
 [   0    0    0    0 1000    0    0    0    0    0]
 [   0    0    0    0 1000    0    0    0    0    0]]
TRAINING class wise acc@25 :: {0: [0.0], 1: [0.0], 2: [0.0], 3: [0.0], 4: [0.2004], 5: [0.0768], 6: [0.1844], 7: [0.1996], 8: [0.1426], 9: [0.1742]}
TRAIINING epoch@25 ::  acc@0.122  loss@2.256
[[   0    0    0    0  517  204  482  484  359  454]
 [   0    0    0    0  494  198  475  525  378  430]
 [   0    0    0    0  506  220  488  460  365  461]
 [   0    0    0    0  537  221  475  502  349  416]
 [   0    0    0    0 1002  429  943 1031  691  904]
 [   0    0    0    0 1029  384  968  998  707  914]
 [   0    0    0    0 1043  430  922 1006  698  901]
 [   0    0    0    0 1024  441  953  998  690  894]
 [   0    0    0    0 1006  391  980  987  713  923]
 [   0    0    0    0 1034  410  994 1009  682  871]]
TESTING class wise acc@25 :: {0: [0.0], 1: [0.0], 2: [0.0], 3: [0.0], 4: [0.0], 5: [0.0], 6: [0.0], 7: [1.0], 8: [0.0], 9: [0.0]}
TESTING epoch@25 ::  acc@0.100  loss@2.370
Epoch@@26
[[   0    0    0    0    0    0    0 1000    0    0]
 [   0    0    0    0    0    0    0 1000    0    0]
 [   0    0    0    0    0    0    0 1000    0    0]
 [   0    0    0    0    0    0    0 1000    0    0]
 [   0    0    0    0    0    0    0 1000    0    0]
 [   0    0    0    0    0    0    0 1000    0    0]
 [   0    0    0    0    0    0    0 1000    0    0]
 [   0    0    0    0    0    0    0 1000    0    0]
 [   0    0    0    0    0    0    0 1000    0    0]
 [   0    0    0    0    0    0    0 1000    0    0]]
TRAINING class wise acc@26 :: {0: [0.0], 1: [0.0], 2: [0.0], 3: [0.0], 4: [0.1766], 5: [0.1614], 6: [0.1898], 7: [0.2906], 8: [0.0494], 9: [0.134]}
TRAIINING epoch@26 ::  acc@0.125  loss@2.256
[[   0    0    0    0  396  446  466  694  123  375]
 [   0    0    0    0  403  475  485  668  123  346]
 [   0    0    0    0  433  425  480  678  127  357]
 [   0    0    0    0  445  417  457  694  144  343]
 [   0    0    0    0  883  864  919 1348  300  686]
 [   0    0    0    0  852  807  967 1376  275  723]
 [   0    0    0    0  848  886  949 1380  257  680]
 [   0    0    0    0  829  869  938 1453  287  624]
 [   0    0    0    0  877  875  933 1368  247  700]
 [   0    0    0    0  882  848  958 1349  293  670]]
TESTING class wise acc@26 :: {0: [0.0], 1: [0.0], 2: [0.0], 3: [0.0], 4: [0.992], 5: [0.0], 6: [0.0], 7: [0.002], 8: [0.0], 9: [0.0]}
TESTING epoch@26 ::  acc@0.099  loss@2.365
Epoch@@27
[[   0    0    0    0  999    0    0    1    0    0]
 [   0    0    0    0 1000    0    0    0    0    0]
 [   0    0    0    0 1000    0    0    0    0    0]
 [   0    0    0    0  996    0    0    4    0    0]
 [   0    0    0    0  992    0    0    8    0    0]
 [   0    0    0    0  999    0    0    1    0    0]
 [   0    0    0    0  996    0    0    4    0    0]
 [   0    0    0    0  998    0    0    2    0    0]
 [   0    0    0    0 1000    0    0    0    0    0]
 [   0    0    0    0  998    0    0    2    0    0]]
TRAINING class wise acc@27 :: {0: [0.0], 1: [0.0], 2: [0.0], 3: [0.0], 4: [0.1802], 5: [0.144], 6: [0.116], 7: [0.1382], 8: [0.223], 9: [0.1886]}
TRAIINING epoch@27 ::  acc@0.124  loss@2.256
[[   0    0    0    0  453  352  304  331  572  488]
 [   0    0    0    0  437  354  307  340  597  465]
 [   0    0    0    0  441  366  290  343  575  485]
 [   0    0    0    0  456  369  269  354  592  460]
 [   0    0    0    0  901  737  571  690 1110  991]
 [   0    0    0    0  912  720  625  707 1129  907]
 [   0    0    0    0  863  749  580  706 1111  991]
 [   0    0    0    0  914  657  596  691 1154  988]
 [   0    0    0    0  954  714  575  680 1115  962]
 [   0    0    0    0  965  678  619  662 1133  943]]
TESTING class wise acc@27 :: {0: [0.0], 1: [0.0], 2: [0.0], 3: [0.0], 4: [0.0], 5: [1.0], 6: [0.0], 7: [0.001], 8: [0.0], 9: [0.0]}
TESTING epoch@27 ::  acc@0.100  loss@2.360
Epoch@@28
[[   0    0    0    0    0  999    0    1    0    0]
 [   0    0    0    0    0 1000    0    0    0    0]
 [   0    0    0    0    0 1000    0    0    0    0]
 [   0    0    0    0    1  997    0    2    0    0]
 [   0    0    0    0    0  993    0    7    0    0]
 [   0    0    0    0    0 1000    0    0    0    0]
 [   0    0    0    0    0  998    0    2    0    0]
 [   0    0    0    0    0  999    0    1    0    0]
 [   0    0    0    0    0 1000    0    0    0    0]
 [   0    0    0    0    0  999    0    1    0    0]]
TRAINING class wise acc@28 :: {0: [0.0], 1: [0.0], 2: [0.0], 3: [0.0], 4: [0.2378], 5: [0.0778], 6: [0.169], 7: [0.1788], 8: [0.0836], 9: [0.2252]}
TRAIINING epoch@28 ::  acc@0.122  loss@2.256
[[   0    0    0    0  592  209  453  443  230  573]
 [   0    0    0    0  592  234  450  458  221  545]
 [   0    0    0    0  617  202  444  440  224  573]
 [   0    0    0    0  611  223  418  429  234  585]
 [   0    0    0    0 1189  457  903  863  418 1170]
 [   0    0    0    0 1227  389  926  862  472 1124]
 [   0    0    0    0 1244  428  845  913  441 1129]
 [   0    0    0    0 1166  435  872  894  472 1161]
 [   0    0    0    0 1261  440  836  879  418 1166]
 [   0    0    0    0 1229  439  893  859  454 1126]]
TESTING class wise acc@28 :: {0: [0.0], 1: [0.0], 2: [0.0], 3: [0.0], 4: [0.001], 5: [0.0], 6: [0.0], 7: [0.002], 8: [0.0], 9: [0.998]}
TESTING epoch@28 ::  acc@0.100  loss@2.365
Epoch@@29
[[   0    0    0    0    0    0    0    1    0  999]
 [   0    0    0    0    0    0    0    0    0 1000]
 [   0    0    0    0    5    0    0    0    0  995]
 [   0    0    0    0    0    0    0    4    0  996]
 [   0    0    0    0    1    0    0    7    0  992]
 [   0    0    0    0    1    0    0    1    0  998]
 [   0    0    0    0    2    0    0    3    0  995]
 [   0    0    0    0    0    0    0    2    0  998]
 [   0    0    0    0    0    0    0    0    0 1000]
 [   0    0    0    0    0    0    0    2    0  998]]
TRAINING class wise acc@29 :: {0: [0.0], 1: [0.0], 2: [0.0], 3: [0.0], 4: [0.227], 5: [0.1924], 6: [0.114], 7: [0.1248], 8: [0.1288], 9: [0.2006]}
TRAIINING epoch@29 ::  acc@0.123  loss@2.256
[[   0    0    0    0  553  481  305  315  335  511]
 [   0    0    0    0  582  494  292  306  318  508]
 [   0    0    0    0  556  506  300  321  331  486]
 [   0    0    0    0  571  514  300  313  309  493]
 [   0    0    0    0 1135  991  633  591  650 1000]
 [   0    0    0    0 1193  962  592  602  667  984]
 [   0    0    0    0 1139  993  570  640  677  981]
 [   0    0    0    0 1120  986  599  624  662 1009]
 [   0    0    0    0 1091 1012  588  640  644 1025]
 [   0    0    0    0 1148  997  557  640  655 1003]]
TESTING class wise acc@29 :: {0: [0.0], 1: [0.0], 2: [0.0], 3: [0.0], 4: [0.0], 5: [0.0], 6: [0.0], 7: [0.001], 8: [0.0], 9: [0.998]}
TESTING epoch@29 ::  acc@0.100  loss@2.363
Epoch@@30
[[   0    0    0    0    0    0    0    1    0  999]
 [   0    0    0    0    0    0    0    0    0 1000]
 [   0    0    0    0    0    0    0    0    0 1000]
 [   0    0    0    0    0    1    0    3    0  996]
 [   0    0    0    0    0    0    0    7    0  993]
 [   0    0    0    0    0    0    0    1    0  999]
 [   0    0    0    0    0    1    0    2    0  997]
 [   0    0    0    0    0    1    0    1    0  998]
 [   0    0    0    0    0    0    0    0    0 1000]
 [   0    0    0    0    0    0    0    2    0  998]]
TRAINING class wise acc@30 :: {0: [0.0], 1: [0.0], 2: [0.0], 3: [0.0], 4: [0.1804], 5: [0.0734], 6: [0.1544], 7: [0.201], 8: [0.1646], 9: [0.2292]}
TRAIINING epoch@30 ::  acc@0.125  loss@2.256
[[   0    0    0    0  459  196  384  478  403  580]
 [   0    0    0    0  485  205  378  486  405  541]
 [   0    0    0    0  459  170  371  500  437  563]
 [   0    0    0    0  441  184  374  524  430  547]
 [   0    0    0    0  902  420  768 1010  810 1090]
 [   0    0    0    0  920  367  766 1024  796 1127]
 [   0    0    0    0  885  398  772 1001  813 1131]
 [   0    0    0    0  935  392  720 1005  797 1151]
 [   0    0    0    0  890  372  748 1019  823 1148]
 [   0    0    0    0  920  368  735 1017  814 1146]]
TESTING class wise acc@30 :: {0: [0.0], 1: [0.0], 2: [0.0], 3: [0.0], 4: [0.0], 5: [0.0], 6: [0.0], 7: [0.002], 8: [0.0], 9: [0.998]}
TESTING epoch@30 ::  acc@0.100  loss@2.348
Epoch@@31
[[   0    0    0    0    0    0    0    1    0  999]
 [   0    0    0    0    0    0    0    1    0  999]
 [   0    0    0    0    0    0    0    6    0  994]
 [   0    0    0    0    0    0    0    6    0  994]
 [   0    0    0    0    0    0    0    8    0  992]
 [   0    0    0    0    0    0    0    3    0  997]
 [   0    0    0    0    0    0    0    5    0  995]
 [   0    0    0    0    0    0    0    2    0  998]
 [   0    0    0    0    0    0    0    0    0 1000]
 [   0    0    0    0    0    0    0    2    0  998]]
TRAINING class wise acc@31 :: {0: [0.0], 1: [0.0], 2: [0.0], 3: [0.0], 4: [0.1186], 5: [0.2256], 6: [0.1448], 7: [0.1442], 8: [0.2082], 9: [0.1398]}
TRAIINING epoch@31 ::  acc@0.123  loss@2.256
[[   0    0    0    0  314  563  346  383  543  351]
 [   0    0    0    0  320  591  356  367  506  360]
 [   0    0    0    0  285  578  391  383  496  367]
 [   0    0    0    0  271  556  392  379  554  348]
 [   0    0    0    0  593 1112  747  743 1063  742]
 [   0    0    0    0  656 1128  739  728 1015  734]
 [   0    0    0    0  585 1137  724  727 1092  735]
 [   0    0    0    0  616 1141  736  721 1047  739]
 [   0    0    0    0  595 1132  740  743 1041  749]
 [   0    0    0    0  629 1150  717  714 1091  699]]
TESTING class wise acc@31 :: {0: [0.0], 1: [0.0], 2: [0.0], 3: [0.0], 4: [0.0], 5: [0.998], 6: [0.0], 7: [0.002], 8: [0.0], 9: [0.0]}
TESTING epoch@31 ::  acc@0.100  loss@2.354
Epoch@@32
[[   0    0    0    0    0  999    0    1    0    0]
 [   0    0    0    0    0 1000    0    0    0    0]
 [   0    0    0    0    0  994    0    6    0    0]
 [   0    0    0    0    0  995    0    5    0    0]
 [   0    0    0    0    0  992    0    8    0    0]
 [   0    0    0    0    0  998    0    2    0    0]
 [   0    0    0    0    0  995    0    5    0    0]
 [   0    0    0    0    0  998    0    2    0    0]
 [   0    0    0    0    0 1000    0    0    0    0]
 [   0    0    0    0    0  998    0    2    0    0]]
TRAINING class wise acc@32 :: {0: [0.0], 1: [0.0], 2: [0.0], 3: [0.0], 4: [0.1772], 5: [0.1868], 6: [0.172], 7: [0.2116], 8: [0.0618], 9: [0.2078]}
TRAIINING epoch@32 ::  acc@0.127  loss@2.256
[[   0    0    0    0  422  474  406  537  176  485]
 [   0    0    0    0  425  461  424  514  182  494]
 [   0    0    0    0  428  468  427  499  148  530]
 [   0    0    0    0  389  451  433  520  169  538]
 [   0    0    0    0  886  909  860  999  338 1008]
 [   0    0    0    0  808  934  875 1018  318 1047]
 [   0    0    0    0  857  888  860 1066  330  999]
 [   0    0    0    0  869  906  830 1058  300 1037]
 [   0    0    0    0  852  918  870 1036  309 1015]
 [   0    0    0    0  848  887  927 1009  290 1039]]
TESTING class wise acc@32 :: {0: [0.0], 1: [0.0], 2: [0.0], 3: [0.0], 4: [0.0], 5: [0.0], 6: [0.0], 7: [1.0], 8: [0.0], 9: [0.0]}
TESTING epoch@32 ::  acc@0.100  loss@2.355
Epoch@@33
[[   0    0    0    0    0    0    0 1000    0    0]
 [   0    0    0    0    0    0    0 1000    0    0]
 [   0    0    0    0    0    0    0 1000    0    0]
 [   0    0    0    0    0    0    0 1000    0    0]
 [   0    0    0    0    0    0    0 1000    0    0]
 [   0    0    0    0    0    0    0 1000    0    0]
 [   0    0    0    0    0    0    0 1000    0    0]
 [   0    0    0    0    0    0    0 1000    0    0]
 [   0    0    0    0    0    0    0 1000    0    0]
 [   0    0    0    0    0    0    0 1000    0    0]]
TRAINING class wise acc@33 :: {0: [0.0], 1: [0.0], 2: [0.0], 3: [0.0], 4: [0.185], 5: [0.1888], 6: [0.1276], 7: [0.16], 8: [0.1954], 9: [0.1406]}
TRAIINING epoch@33 ::  acc@0.125  loss@2.256
[[   0    0    0    0  508  483  276  381  486  366]
 [   0    0    0    0  443  447  321  407  527  355]
 [   0    0    0    0  487  475  339  403  456  340]
 [   0    0    0    0  446  447  339  381  502  385]
 [   0    0    0    0  925  901  630  836  948  760]
 [   0    0    0    0  926  944  622  785 1008  715]
 [   0    0    0    0  953  965  638  818  979  647]
 [   0    0    0    0 1001  884  648  800  947  720]
 [   0    0    0    0  966  945  701  770  977  641]
 [   0    0    0    0  897  933  670  819  978  703]]
TESTING class wise acc@33 :: {0: [0.0], 1: [0.0], 2: [0.0], 3: [0.0], 4: [0.0], 5: [0.0], 6: [0.995], 7: [0.002], 8: [0.0], 9: [0.0]}
TESTING epoch@33 ::  acc@0.100  loss@2.363
Epoch@@34
[[   0    0    0    0    0    0  999    1    0    0]
 [   0    0    0    0    0    0  998    2    0    0]
 [   0    0    0    0    0    0  994    6    0    0]
 [   0    0    0    0    2    0  992    6    0    0]
 [   0    0    0    0    0    0  992    8    0    0]
 [   0    0    0    0    0    0  997    3    0    0]
 [   0    0    0    0    0    0  995    5    0    0]
 [   0    0    0    0    2    0  996    2    0    0]
 [   0    0    0    0    0    0 1000    0    0    0]
 [   0    0    0    0    0    0  998    2    0    0]]
TRAINING class wise acc@34 :: {0: [0.0], 1: [0.0], 2: [0.0], 3: [0.0], 4: [0.0862], 5: [0.1428], 6: [0.143], 7: [0.1938], 8: [0.1678], 9: [0.2456]}
TRAIINING epoch@34 ::  acc@0.122  loss@2.256
[[   0    0    0    0  225  376  392  474  450  583]
 [   0    0    0    0  234  370  386  465  412  633]
 [   0    0    0    0  222  373  359  530  411  605]
 [   0    0    0    0  238  365  327  500  443  627]
 [   0    0    0    0  431  725  777  967  845 1255]
 [   0    0    0    0  514  714  713 1010  814 1235]
 [   0    0    0    0  486  748  715 1024  831 1196]
 [   0    0    0    0  446  780  721  969  819 1265]
 [   0    0    0    0  443  722  772  995  839 1229]
 [   0    0    0    0  473  779  726 1002  792 1228]]
TESTING class wise acc@34 :: {0: [0.0], 1: [0.0], 2: [0.0], 3: [0.0], 4: [0.0], 5: [1.0], 6: [0.0], 7: [0.001], 8: [0.0], 9: [0.0]}
TESTING epoch@34 ::  acc@0.100  loss@2.366
Epoch@@35
[[   0    0    0    0    0  999    0    1    0    0]
 [   0    0    0    0    0 1000    0    0    0    0]
 [   0    0    0    0    0 1000    0    0    0    0]
 [   0    0    0    0    0  998    0    2    0    0]
 [   0    0    0    0    0  994    0    6    0    0]
 [   0    0    0    0    0 1000    0    0    0    0]
 [   0    0    0    0    0  998    0    2    0    0]
 [   0    0    0    0    0  999    0    1    0    0]
 [   0    0    0    0    0 1000    0    0    0    0]
 [   0    0    0    0    0  999    0    1    0    0]]
TRAINING class wise acc@35 :: {0: [0.0], 1: [0.0], 2: [0.0], 3: [0.0], 4: [0.2222], 5: [0.1822], 6: [0.0942], 7: [0.1972], 8: [0.1674], 9: [0.1188]}
TRAIINING epoch@35 ::  acc@0.123  loss@2.256
[[   0    0    0    0  521  459  233  526  437  324]
 [   0    0    0    0  542  509  253  445  463  288]
 [   0    0    0    0  527  455  260  508  443  307]
 [   0    0    0    0  533  492  234  476  455  310]
 [   0    0    0    0 1111  935  535  915  875  629]
 [   0    0    0    0 1116  911  517  989  911  556]
 [   0    0    0    0 1086  936  471 1012  875  620]
 [   0    0    0    0 1105  910  491  986  888  620]
 [   0    0    0    0 1064  992  478 1013  837  616]
 [   0    0    0    0 1099  953  496 1002  856  594]]
TESTING class wise acc@35 :: {0: [0.0], 1: [0.0], 2: [0.0], 3: [0.0], 4: [0.0], 5: [0.0], 6: [0.0], 7: [1.0], 8: [0.0], 9: [0.0]}
TESTING epoch@35 ::  acc@0.100  loss@2.359
Epoch@@36
[[   0    0    0    0    0    0    0 1000    0    0]
 [   0    0    0    0    0    0    0 1000    0    0]
 [   0    0    0    0    0    0    0 1000    0    0]
 [   0    0    0    0    0    0    0 1000    0    0]
 [   0    0    0    0    0    0    0 1000    0    0]
 [   0    0    0    0    0    0    0 1000    0    0]
 [   0    0    0    0    0    0    0 1000    0    0]
 [   0    0    0    0    0    0    0 1000    0    0]
 [   0    0    0    0    0    0    0 1000    0    0]
 [   0    0    0    0    0    0    0 1000    0    0]]
TRAINING class wise acc@36 :: {0: [0.0], 1: [0.0], 2: [0.0], 3: [0.0], 4: [0.189], 5: [0.1594], 6: [0.182], 7: [0.0764], 8: [0.22], 9: [0.172]}
TRAIINING epoch@36 ::  acc@0.125  loss@2.256
[[   0    0    0    0  472  391  464  198  523  452]
 [   0    0    0    0  496  399  445  210  538  412]
 [   0    0    0    0  470  425  453  204  510  438]
 [   0    0    0    0  494  385  413  209  521  478]
 [   0    0    0    0  945  823  832  404 1070  926]
 [   0    0    0    0  972  797  874  413 1090  854]
 [   0    0    0    0  932  760  910  389 1137  872]
 [   0    0    0    0  952  784  881  382 1140  861]
 [   0    0    0    0  957  802  842  412 1100  887]
 [   0    0    0    0  990  834  862  379 1075  860]]
TESTING class wise acc@36 :: {0: [0.0], 1: [0.0], 2: [0.0], 3: [0.0], 4: [0.0], 5: [0.0], 6: [0.995], 7: [0.002], 8: [0.0], 9: [0.0]}
TESTING epoch@36 ::  acc@0.100  loss@2.356
Epoch@@37
[[   0    0    0    0    0    0  999    1    0    0]
 [   0    0    0    0    0    0 1000    0    0    0]
 [   0    0    0    0    0    0  996    4    0    0]
 [   0    0    0    0    0    0  996    4    0    0]
 [   0    0    0    0    0    0  992    8    0    0]
 [   0    0    0    0    0    0  999    1    0    0]
 [   0    0    0    0    0    0  995    5    0    0]
 [   0    0    0    0    0    0  998    2    0    0]
 [   0    0    0    0    0    0 1000    0    0    0]
 [   0    0    0    0    0    0  998    2    0    0]]
TRAINING class wise acc@37 :: {0: [0.0], 1: [0.0], 2: [0.0], 3: [0.0], 4: [0.131], 5: [0.1752], 6: [0.2666], 7: [0.1922], 8: [0.1194], 9: [0.129]}
TRAIINING epoch@37 ::  acc@0.127  loss@2.256
[[   0    0    0    0  333  431  697  477  280  282]
 [   0    0    0    0  321  458  679  448  276  318]
 [   0    0    0    0  352  412  668  473  263  332]
 [   0    0    0    0  341  448  640  476  306  289]
 [   0    0    0    0  655  878 1338  941  595  593]
 [   0    0    0    0  682  876 1327  897  591  627]
 [   0    0    0    0  746  859 1333  879  614  569]
 [   0    0    0    0  738  834 1316  961  550  601]
 [   0    0    0    0  658  904 1306  927  597  608]
 [   0    0    0    0  678  812 1384  945  536  645]]
TESTING class wise acc@37 :: {0: [0.0], 1: [0.0], 2: [0.0], 3: [0.0], 4: [0.001], 5: [0.0], 6: [0.995], 7: [0.002], 8: [0.0], 9: [0.0]}
TESTING epoch@37 ::  acc@0.100  loss@2.365
Epoch@@38
[[   0    0    0    0    0    0  999    1    0    0]
 [   0    0    0    0    0    0 1000    0    0    0]
 [   0    0    0    0    6    0  994    0    0    0]
 [   0    0    0    0    2    0  995    3    0    0]
 [   0    0    0    0    1    0  992    7    0    0]
 [   0    0    0    0    1    0  998    1    0    0]
 [   0    0    0    0    2    0  995    3    0    0]
 [   0    0    0    0    0    0  998    2    0    0]
 [   0    0    0    0    0    0 1000    0    0    0]
 [   0    0    0    0    0    0  998    2    0    0]]
TRAINING class wise acc@38 :: {0: [0.0], 1: [0.0], 2: [0.0], 3: [0.0], 4: [0.2346], 5: [0.087], 6: [0.1028], 7: [0.2412], 8: [0.0934], 9: [0.206]}
TRAIINING epoch@38 ::  acc@0.121  loss@2.256
[[   0    0    0    0  656  228  290  592  246  488]
 [   0    0    0    0  645  207  288  612  217  531]
 [   0    0    0    0  671  206  252  611  220  540]
 [   0    0    0    0  579  213  270  634  286  518]
 [   0    0    0    0 1173  463  504 1256  504 1100]
 [   0    0    0    0 1322  435  517 1210  436 1080]
 [   0    0    0    0 1314  451  514 1178  470 1073]
 [   0    0    0    0 1310  466  540 1206  446 1032]
 [   0    0    0    0 1306  450  515 1206  467 1056]
 [   0    0    0    0 1264  465  534 1223  484 1030]]
TESTING class wise acc@38 :: {0: [0.0], 1: [0.0], 2: [0.0], 3: [0.0], 4: [0.0], 5: [0.0], 6: [0.0], 7: [0.002], 8: [1.0], 9: [0.0]}
TESTING epoch@38 ::  acc@0.100  loss@2.352
Epoch@@39
[[   0    0    0    0    0    0    0    1  999    0]
 [   0    0    0    0    2    0    0    0  998    0]
 [   0    0    0    0    2    0    0    4  994    0]
 [   0    0    0    0    2    0    0    4  994    0]
 [   0    0    0    0    0    0    0    8  992    0]
 [   0    0    0    0    2    0    0    1  997    0]
 [   0    0    0    0    0    0    0    5  995    0]
 [   0    0    0    0    0    0    0    2  998    0]
 [   0    0    0    0    0    0    0    0 1000    0]
 [   0    0    0    0    0    0    0    2  998    0]]
TRAINING class wise acc@39 :: {0: [0.0], 1: [0.0], 2: [0.0], 3: [0.0], 4: [0.1088], 5: [0.1928], 6: [0.095], 7: [0.1368], 8: [0.2616], 9: [0.1792]}
TRAIINING epoch@39 ::  acc@0.122  loss@2.256
[[   0    0    0    0  302  450  231  380  649  488]
 [   0    0    0    0  261  472  256  343  701  467]
 [   0    0    0    0  275  486  271  381  668  419]
 [   0    0    0    0  281  514  281  340  636  448]
 [   0    0    0    0  544  953  515  737 1325  926]
 [   0    0    0    0  600  964  501  720 1314  901]
 [   0    0    0    0  596  941  475  727 1307  954]
 [   0    0    0    0  601  962  532  684 1290  931]
 [   0    0    0    0  582  981  533  730 1308  866]
 [   0    0    0    0  566  957  501  718 1362  896]]
TESTING class wise acc@39 :: {0: [0.0], 1: [0.0], 2: [0.0], 3: [0.0], 4: [0.0], 5: [0.0], 6: [0.002], 7: [0.001], 8: [1.0], 9: [0.0]}
TESTING epoch@39 ::  acc@0.100  loss@2.369
Epoch@@40
[[   0    0    0    0    0    0    0    1  999    0]
 [   0    0    0    0    0    0    0    0 1000    0]
 [   0    0    0    0    0    0    0    0 1000    0]
 [   0    0    0    0    0    0    1    3  996    0]
 [   0    0    0    0    0    0    0    7  993    0]
 [   0    0    0    0    1    0    0    0  999    0]
 [   0    0    0    0    0    0    2    2  996    0]
 [   0    0    0    0    0    0    1    1  998    0]
 [   0    0    0    0    0    0    0    0 1000    0]
 [   0    0    0    0    0    0    0    2  998    0]]
TRAINING class wise acc@40 :: {0: [0.0], 1: [0.0], 2: [0.0], 3: [0.0], 4: [0.1944], 5: [0.1332], 6: [0.186], 7: [0.1088], 8: [0.1988], 9: [0.1508]}
TRAIINING epoch@40 ::  acc@0.122  loss@2.256
[[   0    0    0    0  481  361  454  322  500  382]
 [   0    0    0    0  453  354  484  295  511  403]
 [   0    0    0    0  521  317  474  286  520  382]
 [   0    0    0    0  488  353  468  323  489  379]
 [   0    0    0    0  972  723  935  581 1000  789]
 [   0    0    0    0 1009  666  911  622  971  821]
 [   0    0    0    0  983  724  930  599  969  795]
 [   0    0    0    0  971  744  953  544  989  799]
 [   0    0    0    0 1008  691  956  583  994  768]
 [   0    0    0    0  986  699  987  581  993  754]]
TESTING class wise acc@40 :: {0: [0.0], 1: [0.0], 2: [0.0], 3: [0.0], 4: [0.993], 5: [0.0], 6: [0.0], 7: [0.001], 8: [0.0], 9: [0.0]}
TESTING epoch@40 ::  acc@0.099  loss@2.368
Epoch@@41
[[   0    0    0    0  999    0    0    1    0    0]
 [   0    0    0    0 1000    0    0    0    0    0]
 [   0    0    0    0 1000    0    0    0    0    0]
 [   0    0    0    0  997    0    0    3    0    0]
 [   0    0    0    0  993    0    0    7    0    0]
 [   0    0    0    0 1000    0    0    0    0    0]
 [   0    0    0    0  998    0    0    2    0    0]
 [   0    0    0    0  999    0    0    1    0    0]
 [   0    0    0    0 1000    0    0    0    0    0]
 [   0    0    0    0  998    0    0    2    0    0]]
TRAINING class wise acc@41 :: {0: [0.0], 1: [0.0], 2: [0.0], 3: [0.0], 4: [0.2114], 5: [0.0424], 6: [0.2232], 7: [0.118], 8: [0.1436], 9: [0.258]}
TRAIINING epoch@41 ::  acc@0.125  loss@2.256
[[   0    0    0    0  532  126  544  293  380  625]
 [   0    0    0    0  546   97  551  311  335  660]
 [   0    0    0    0  528  100  569  293  354  656]
 [   0    0    0    0  558  111  492  318  387  634]
 [   0    0    0    0 1057  239 1103  606  732 1263]
 [   0    0    0    0 1111  212 1077  608  736 1256]
 [   0    0    0    0 1087  228 1116  577  773 1219]
 [   0    0    0    0 1088  223 1072  590  741 1286]
 [   0    0    0    0 1044  232 1112  607  718 1287]
 [   0    0    0    0 1025  224 1068  661  732 1290]]
TESTING class wise acc@41 :: {0: [0.0], 1: [0.0], 2: [0.0], 3: [0.0], 4: [0.001], 5: [0.0], 6: [0.0], 7: [0.0], 8: [0.0], 9: [0.998]}
TESTING epoch@41 ::  acc@0.100  loss@2.359
Epoch@@42
[[   0    0    0    0    0    0    0    1    0  999]
 [   0    0    0    0    0    0    0    0    0 1000]
 [   0    0    0    0    0    0    0    0    0 1000]
 [   0    0    0    0    1    0    0    2    0  997]
 [   0    0    0    0    1    0    0    6    0  993]
 [   0    0    0    0    1    0    0    0    0  999]
 [   0    0    0    0    0    0    0    2    0  998]
 [   0    0    0    0    1    0    0    0    0  999]
 [   0    0    0    0    0    0    0    0    0 1000]
 [   0    0    0    0    1    0    0    1    0  998]]
TRAINING class wise acc@42 :: {0: [0.0], 1: [0.0], 2: [0.0], 3: [0.0], 4: [0.2084], 5: [0.12], 6: [0.1682], 7: [0.1504], 8: [0.1224], 9: [0.2146]}
TRAIINING epoch@42 ::  acc@0.123  loss@2.256
[[   0    0    0    0  545  296  410  415  317  517]
 [   0    0    0    0  565  300  405  397  329  504]
 [   0    0    0    0  544  330  424  412  323  467]
 [   0    0    0    0  549  309  403  396  325  518]
 [   0    0    0    0 1042  683  851  758  662 1004]
 [   0    0    0    0 1087  600  839  779  632 1063]
 [   0    0    0    0 1097  666  841  785  616  995]
 [   0    0    0    0 1166  639  780  752  653 1010]
 [   0    0    0    0 1098  660  837  752  612 1041]
 [   0    0    0    0 1011  637  802  826  651 1073]]
TESTING class wise acc@42 :: {0: [0.0], 1: [0.0], 2: [0.0], 3: [0.0], 4: [0.0], 5: [0.0], 6: [0.997], 7: [0.001], 8: [0.0], 9: [0.0]}
TESTING epoch@42 ::  acc@0.100  loss@2.355
Epoch@@43
[[   0    0    0    0    0    0  999    1    0    0]
 [   0    0    0    0    0    0 1000    0    0    0]
 [   0    0    0    0    0    0 1000    0    0    0]
 [   0    0    0    0    0    0  997    3    0    0]
 [   0    0    0    0    0    0  993    7    0    0]
 [   0    0    0    0    0    0  999    1    0    0]
 [   0    0    0    0    0    0  997    3    0    0]
 [   0    0    0    0    0    0  999    1    0    0]
 [   0    0    0    0    0    0 1000    0    0    0]
 [   0    0    0    0    0    0  998    2    0    0]]
TRAINING class wise acc@43 :: {0: [0.0], 1: [0.0], 2: [0.0], 3: [0.0], 4: [0.1024], 5: [0.174], 6: [0.1568], 7: [0.1542], 8: [0.1888], 9: [0.2188]}
TRAIINING epoch@43 ::  acc@0.124  loss@2.256
[[   0    0    0    0  257  375  395  395  478  600]
 [   0    0    0    0  225  416  378  407  489  585]
 [   0    0    0    0  247  433  384  378  479  579]
 [   0    0    0    0  270  418  388  396  492  536]
 [   0    0    0    0  512  832  766  790  972 1128]
 [   0    0    0    0  525  870  761  782  970 1092]
 [   0    0    0    0  524  899  784  805  889 1099]
 [   0    0    0    0  492  847  801  771  932 1157]
 [   0    0    0    0  538  882  693  853  944 1090]
 [   0    0    0    0  506  812  794  823  971 1094]]
TESTING class wise acc@43 :: {0: [0.0], 1: [0.0], 2: [0.0], 3: [0.0], 4: [0.0], 5: [0.0], 6: [0.0], 7: [0.001], 8: [1.0], 9: [0.0]}
TESTING epoch@43 ::  acc@0.100  loss@2.367
Epoch@@44
[[   0    0    0    0    0    0    0    1  999    0]
 [   0    0    0    0    0    0    0    0 1000    0]
 [   0    0    0    0    0    0    0    0 1000    0]
 [   0    0    0    0    0    0    0    3  997    0]
 [   0    0    0    0    0    0    0    7  993    0]
 [   0    0    0    0    0    0    0    1  999    0]
 [   0    0    0    0    0    0    0    2  998    0]
 [   0    0    0    0    0    0    0    1  999    0]
 [   0    0    0    0    0    0    0    0 1000    0]
 [   0    0    0    0    0    0    0    2  998    0]]
TRAINING class wise acc@44 :: {0: [0.0], 1: [0.0], 2: [0.0], 3: [0.0], 4: [0.115], 5: [0.1882], 6: [0.1764], 7: [0.0956], 8: [0.2104], 9: [0.2068]}
TRAIINING epoch@44 ::  acc@0.124  loss@2.256
[[   0    0    0    0  264  462  454  228  573  519]
 [   0    0    0    0  292  493  436  225  513  541]
 [   0    0    0    0  293  474  458  242  559  474]
 [   0    0    0    0  307  477  438  220  523  535]
 [   0    0    0    0  575  949  841  473 1050 1112]
 [   0    0    0    0  578  941  864  499 1028 1090]
 [   0    0    0    0  604  953  882  479  999 1083]
 [   0    0    0    0  621  949  902  478 1011 1039]
 [   0    0    0    0  587  905  824  483 1052 1149]
 [   0    0    0    0  615  949  941  449 1012 1034]]
TESTING class wise acc@44 :: {0: [0.0], 1: [0.0], 2: [0.0], 3: [0.0], 4: [0.0], 5: [0.0], 6: [0.0], 7: [1.0], 8: [0.0], 9: [0.0]}
TESTING epoch@44 ::  acc@0.100  loss@2.359
Epoch@@45
[[   0    0    0    0    0    0    0 1000    0    0]
 [   0    0    0    0    0    0    0 1000    0    0]
 [   0    0    0    0    0    0    0 1000    0    0]
 [   0    0    0    0    0    0    0 1000    0    0]
 [   0    0    0    0    0    0    0 1000    0    0]
 [   0    0    0    0    0    0    0 1000    0    0]
 [   0    0    0    0    0    0    0 1000    0    0]
 [   0    0    0    0    0    0    0 1000    0    0]
 [   0    0    0    0    0    0    0 1000    0    0]
 [   0    0    0    0    0    0    0 1000    0    0]]
TRAINING class wise acc@45 :: {0: [0.0], 1: [0.0], 2: [0.0], 3: [0.0], 4: [0.1868], 5: [0.2066], 6: [0.1526], 7: [0.1396], 8: [0.1106], 9: [0.2024]}
TRAIINING epoch@45 ::  acc@0.125  loss@2.256
[[   0    0    0    0  481  523  393  344  256  503]
 [   0    0    0    0  425  553  383  352  265  522]
 [   0    0    0    0  459  498  380  360  239  564]
 [   0    0    0    0  466  486  407  364  276  501]
 [   0    0    0    0  934  990  710  695  576 1095]
 [   0    0    0    0  918 1033  797  696  487 1069]
 [   0    0    0    0  959 1009  763  750  534  985]
 [   0    0    0    0  867  997  796  698  553 1089]
 [   0    0    0    0  862 1009  753  715  553 1108]
 [   0    0    0    0  925 1094  698  658  613 1012]]
TESTING class wise acc@45 :: {0: [0.0], 1: [0.0], 2: [0.0], 3: [0.0], 4: [0.0], 5: [0.0], 6: [0.996], 7: [0.002], 8: [0.0], 9: [0.0]}
TESTING epoch@45 ::  acc@0.100  loss@2.356
Epoch@@46
[[   0    0    0    0    0    0  999    1    0    0]
 [   0    0    0    0    0    0 1000    0    0    0]
 [   0    0    0    0    0    0 1000    0    0    0]
 [   0    0    0    0    0    0  996    4    0    0]
 [   0    0    0    0    0    0  992    8    0    0]
 [   0    0    0    0    0    0  999    1    0    0]
 [   0    0    0    0    0    0  996    4    0    0]
 [   0    0    0    0    0    0  998    2    0    0]
 [   0    0    0    0    0    0 1000    0    0    0]
 [   0    0    0    0    0    0  998    2    0    0]]
TRAINING class wise acc@46 :: {0: [0.0], 1: [0.0], 2: [0.0], 3: [0.0], 4: [0.1316], 5: [0.1396], 6: [0.2512], 7: [0.1496], 8: [0.2014], 9: [0.1154]}
TRAIINING epoch@46 ::  acc@0.124  loss@2.256
[[   0    0    0    0  370  327  638  367  486  312]
 [   0    0    0    0  348  337  642  389  472  312]
 [   0    0    0    0  357  356  667  350  489  281]
 [   0    0    0    0  311  342  669  345  522  311]
 [   0    0    0    0  658  682 1318  773  981  588]
 [   0    0    0    0  697  698 1331  719  960  595]
 [   0    0    0    0  727  632 1256  806  975  604]
 [   0    0    0    0  679  650 1315  748  958  650]
 [   0    0    0    0  666  750 1306  701 1007  570]
 [   0    0    0    0  691  730 1354  690  958  577]]
TESTING class wise acc@46 :: {0: [0.0], 1: [0.0], 2: [0.0], 3: [0.0], 4: [0.0], 5: [0.0], 6: [0.0], 7: [0.002], 8: [0.0], 9: [0.998]}
TESTING epoch@46 ::  acc@0.100  loss@2.355
Epoch@@47
[[   0    0    0    0    0    0    0    1    0  999]
 [   0    0    0    0    0    0    0    0    0 1000]
 [   0    0    0    0    0    0    0    0    0 1000]
 [   0    0    0    0    0    0    0    4    0  996]
 [   0    0    0    0    0    0    0    8    0  992]
 [   0    0    0    0    0    0    0    1    0  999]
 [   0    0    0    0    0    0    0    4    0  996]
 [   0    0    0    0    0    0    0    2    0  998]
 [   0    0    0    0    0    0    0    0    0 1000]
 [   0    0    0    0    0    0    0    2    0  998]]
TRAINING class wise acc@47 :: {0: [0.0], 1: [0.0], 2: [0.0], 3: [0.0], 4: [0.1014], 5: [0.2028], 6: [0.1966], 7: [0.1992], 8: [0.1988], 9: [0.111]}
TRAIINING epoch@47 ::  acc@0.126  loss@2.256
[[   0    0    0    0  246  481  499  486  493  295]
 [   0    0    0    0  267  491  497  473  499  273]
 [   0    0    0    0  258  481  518  481  464  298]
 [   0    0    0    0  253  473  506  497  469  302]
 [   0    0    0    0  507 1003  973 1006  968  543]
 [   0    0    0    0  530 1014  954  993  966  543]
 [   0    0    0    0  517  952  983  970  995  583]
 [   0    0    0    0  496  992  965  996  948  603]
 [   0    0    0    0  542  985  920  946  994  613]
 [   0    0    0    0  480 1000  993  960 1012  555]]
TESTING class wise acc@47 :: {0: [0.0], 1: [0.0], 2: [0.0], 3: [0.0], 4: [0.0], 5: [1.0], 6: [0.0], 7: [0.0], 8: [0.0], 9: [0.0]}
TESTING epoch@47 ::  acc@0.100  loss@2.358
Epoch@@48
[[   0    0    0    0    0  999    0    1    0    0]
 [   0    0    0    0    0 1000    0    0    0    0]
 [   0    0    0    0    0 1000    0    0    0    0]
 [   0    0    0    0    0  999    0    1    0    0]
 [   0    0    0    0    0  994    0    6    0    0]
 [   0    0    0    0    0 1000    0    0    0    0]
 [   0    0    0    0    0  998    0    2    0    0]
 [   0    0    0    0    0 1000    0    0    0    0]
 [   0    0    0    0    0 1000    0    0    0    0]
 [   0    0    0    0    0 1000    0    0    0    0]]
TRAINING class wise acc@48 :: {0: [0.0], 1: [0.0], 2: [0.0], 3: [0.0], 4: [0.264], 5: [0.1712], 6: [0.1686], 7: [0.1212], 8: [0.1494], 9: [0.1274]}
TRAIINING epoch@48 ::  acc@0.125  loss@2.256
[[   0    0    0    0  653  409  424  315  393  306]
 [   0    0    0    0  647  436  411  314  381  311]
 [   0    0    0    0  637  408  424  314  383  334]
 [   0    0    0    0  657  411  422  307  403  300]
 [   0    0    0    0 1320  809  800  649  782  640]
 [   0    0    0    0 1274  856  828  612  813  617]
 [   0    0    0    0 1292  826  843  611  783  645]
 [   0    0    0    0 1239  858  841  606  809  647]
 [   0    0    0    0 1302  812  819  637  747  683]
 [   0    0    0    0 1283  831  844  627  778  637]]
TESTING class wise acc@48 :: {0: [0.0], 1: [0.0], 2: [0.0], 3: [0.0], 4: [0.995], 5: [0.0], 6: [0.0], 7: [0.0], 8: [0.0], 9: [0.0]}
TESTING epoch@48 ::  acc@0.100  loss@2.353
Epoch@@49
[[   0    0    0    0 1000    0    0    0    0    0]
 [   0    0    0    0 1000    0    0    0    0    0]
 [   0    0    0    0 1000    0    0    0    0    0]
 [   0    0    0    0  999    0    0    1    0    0]
 [   0    0    0    0  995    0    0    5    0    0]
 [   0    0    0    0 1000    0    0    0    0    0]
 [   0    0    0    0  998    0    0    2    0    0]
 [   0    0    0    0 1000    0    0    0    0    0]
 [   0    0    0    0 1000    0    0    0    0    0]
 [   0    0    0    0 1000    0    0    0    0    0]]
TRAINING class wise acc@49 :: {0: [0.0], 1: [0.0], 2: [0.0], 3: [0.0], 4: [0.2092], 5: [0.118], 6: [0.215], 7: [0.2052], 8: [0.1784], 9: [0.0968]}
TRAIINING epoch@49 ::  acc@0.128  loss@2.256
[[   0    0    0    0  517  277  515  507  408  276]
 [   0    0    0    0  503  313  486  521  462  215]
 [   0    0    0    0  493  280  492  537  457  241]
 [   0    0    0    0  487  279  529  488  435  282]
 [   0    0    0    0 1046  563  968 1028  880  515]
 [   0    0    0    0 1003  590 1014 1012  883  498]
 [   0    0    0    0  938  569 1075 1077  843  498]
 [   0    0    0    0 1014  583 1013 1026  887  477]
 [   0    0    0    0 1066  564  990 1006  892  482]
 [   0    0    0    0  997  590 1046  990  893  484]]
TESTING class wise acc@49 :: {0: [0.0], 1: [0.0], 2: [0.0], 3: [0.0], 4: [0.0], 5: [0.0], 6: [0.998], 7: [0.0], 8: [0.0], 9: [0.0]}
TESTING epoch@49 ::  acc@0.100  loss@2.356
[[   0    0    0    0    0    0  999    1    0    0]
 [   0    0    0    0    0    0 1000    0    0    0]
 [   0    0    0    0    0    0 1000    0    0    0]
 [   0    0    0    0    0    0  998    2    0    0]
 [   0    0    0    0    0    0  994    6    0    0]
 [   0    0    0    0    0    0 1000    0    0    0]
 [   0    0    0    0    0    0  998    2    0    0]
 [   0    0    0    0    0    0 1000    0    0    0]
 [   0    0    0    0    0    0 1000    0    0    0]
 [   0    0    0    0    0    0  999    1    0    0]]
