

Fri Jan 15 17:58:04 2021
imbal_test_imbal678910_rand_cifar10_vgg_Adam's set level: 10
imbal_test_imbal678910_rand_cifar10_vgg_Adam logger is ready
imbal_test with imbalance_ratio: [1.  1.  1.  1.  1.  0.5 0.5 0.5 0.5 0.5]
parallel mode is False
initial count: cifar10: [0 1 2 3 4 5 6 7 8 9] class, each has [5000 5000 5000 5000 5000 5000 5000 5000 5000 5000]
cifar10: [0 1 2 3 4 5 6 7 8 9] class, each has [5000 5000 5000 5000 5000 2500 2500 2500 2500 2500]
Epoch@@0
Files already downloaded and verified
TRAINING class wise acc@0 :: {0: [0.1524], 1: [0.2166], 2: [0.159], 3: [0.2638], 4: [0.23], 5: [0.0], 6: [0.0016], 7: [0.0004], 8: [0.0068], 9: [0.0]}
TRAIINING epoch@0 ::  acc@0.137  loss@2.456
[[ 762 1039  802 1271 1063    0   12   13   38    0]
 [ 594 1083  820 1319 1147    0    8    1   28    0]
 [ 651 1068  795 1358 1084    0    7    3   34    0]
 [ 611 1154  784 1319 1079    0    8    3   41    1]
 [ 562 1107  828 1314 1150    0    4    6   28    1]
 [ 326  550  401  673  534    0    2    2   12    0]
 [ 282  530  387  683  586    0    4    3   25    0]
 [ 305  593  368  678  536    0    2    1   16    1]
 [ 321  535  405  672  545    0    3    2   17    0]
 [ 302  513  385  677  602    0    3    0   18    0]]
TESTING class wise acc@0 :: {0: [0.096], 1: [0.0], 2: [0.0], 3: [0.0], 4: [0.993], 5: [0.0], 6: [0.0], 7: [0.0], 8: [0.0], 9: [0.0]}
TESTING epoch@0 ::  acc@0.109  loss@2.364
Epoch@@1
[[ 96   0   0   0 904   0   0   0   0   0]
 [ 29   0   0   0 971   0   0   0   0   0]
 [ 30   0   0   0 970   0   0   0   0   0]
 [ 39   0   0   0 961   0   0   0   0   0]
 [  7   0   0   0 993   0   0   0   0   0]
 [ 38   0   0   0 962   0   0   0   0   0]
 [ 15   0   0   0 985   0   0   0   0   0]
 [ 17   0   0   0 983   0   0   0   0   0]
 [ 24   0   0   0 976   0   0   0   0   0]
 [ 18   0   0   0 982   0   0   0   0   0]]
TRAINING class wise acc@1 :: {0: [0.2544], 1: [0.1678], 2: [0.1402], 3: [0.1856], 4: [0.2786], 5: [0.0], 6: [0.0], 7: [0.0], 8: [0.0], 9: [0.0]}
TRAIINING epoch@1 ::  acc@0.137  loss@2.245
[[1272  815  690  913 1310    0    0    0    0    0]
 [ 994  839  704  990 1473    0    0    0    0    0]
 [1014  870  701  980 1435    0    0    0    0    0]
 [1066  893  728  928 1385    0    0    0    0    0]
 [ 966  878  760 1003 1393    0    0    0    0    0]
 [ 491  457  347  502  703    0    0    0    0    0]
 [ 501  432  350  513  704    0    0    0    0    0]
 [ 493  433  349  491  734    0    0    0    0    0]
 [ 545  415  355  475  710    0    0    0    0    0]
 [ 481  413  363  474  769    0    0    0    0    0]]
TESTING class wise acc@1 :: {0: [0.074], 1: [0.0], 2: [0.002], 3: [0.01], 4: [0.995], 5: [0.0], 6: [0.0], 7: [0.0], 8: [0.0], 9: [0.0]}
TESTING epoch@1 ::  acc@0.108  loss@2.348
Epoch@@2
[[ 74   0   3  24 899   0   0   0   0   0]
 [  8   0   1  10 981   0   0   0   0   0]
 [ 16   0   2   5 977   0   0   0   0   0]
 [ 20   0   0  10 970   0   0   0   0   0]
 [  2   0   0   3 995   0   0   0   0   0]
 [ 11   0   2  18 969   0   0   0   0   0]
 [  7   0   1   3 989   0   0   0   0   0]
 [  8   0   2   4 986   0   0   0   0   0]
 [  6   0   0  13 981   0   0   0   0   0]
 [ 11   0   1   3 985   0   0   0   0   0]]
TRAINING class wise acc@2 :: {0: [0.1988], 1: [0.33], 2: [0.1644], 3: [0.2568], 4: [0.203], 5: [0.0], 6: [0.0], 7: [0.0], 8: [0.0072], 9: [0.0]}
TRAIINING epoch@2 ::  acc@0.154  loss@2.221
[[ 994 1416  747 1001  819    0    0    0   23    0]
 [ 213 1650  849 1283 1000    0    0    0    5    0]
 [ 270 1576  822 1321 1006    0    0    0    5    0]
 [ 137 1666  860 1284 1050    0    0    0    3    0]
 [ 118 1685  894 1286 1015    0    0    0    2    0]
 [  57  850  437  653  502    0    0    0    1    0]
 [  37  850  401  655  557    0    0    0    0    0]
 [  45  808  427  639  581    0    0    0    0    0]
 [ 279  767  397  573  466    0    0    0   18    0]
 [  93  822  458  634  492    0    0    0    1    0]]
TESTING class wise acc@2 :: {0: [0.532], 1: [0.0], 2: [0.059], 3: [0.933], 4: [0.0], 5: [0.0], 6: [0.0], 7: [0.0], 8: [0.0], 9: [0.0]}
TESTING epoch@2 ::  acc@0.152  loss@2.255
Epoch@@3
[[532   0 150 318   0   0   0   0   0   0]
 [212   0 137 651   0   0   0   0   0   0]
 [ 77   0  59 864   0   0   0   0   0   0]
 [ 23   0  44 933   0   0   0   0   0   0]
 [ 50   0  33 917   0   0   0   0   0   0]
 [ 31   0  51 918   0   0   0   0   0   0]
 [  3   0   9 988   0   0   0   0   0   0]
 [ 41   0  67 892   0   0   0   0   0   0]
 [528   0 165 307   0   0   0   0   0   0]
 [219   0 189 592   0   0   0   0   0   0]]
TRAINING class wise acc@3 :: {0: [0.3872], 1: [0.4498], 2: [0.1406], 3: [0.4196], 4: [0.351], 5: [0.0], 6: [0.0], 7: [0.0], 8: [0.0112], 9: [0.0]}
TRAIINING epoch@3 ::  acc@0.234  loss@1.942
[[1936 1921  368  357  370    0    0    0   41    7]
 [1576 2249  227  459  445    0    0    0   44    0]
 [ 486  296  703 1904 1605    0    0    0    6    0]
 [ 282  213  723 2098 1682    0    0    0    1    1]
 [ 336  208  656 2044 1755    0    0    0    1    0]
 [ 120   75  336 1088  881    0    0    0    0    0]
 [  97   56  295 1112  940    0    0    0    0    0]
 [ 245  175  437  860  781    0    0    0    1    1]
 [ 987 1124  112  137  111    0    0    0   28    1]
 [ 885  934  171  253  247    0    0    0   10    0]]
TESTING class wise acc@3 :: {0: [0.197], 1: [0.665], 2: [0.284], 3: [0.0], 4: [0.636], 5: [0.0], 6: [0.0], 7: [0.0], 8: [0.0], 9: [0.0]}
TESTING epoch@3 ::  acc@0.178  loss@2.091
Epoch@@4
[[197 235 458   0 110   0   0   0   0   0]
 [183 665 141   0  11   0   0   0   0   0]
 [ 47  22 284   0 647   0   0   0   0   0]
 [ 27  21 323   0 629   0   0   0   0   0]
 [ 41   9 314   0 636   0   0   0   0   0]
 [ 30   3 236   0 731   0   0   0   0   0]
 [ 51  11 327   0 611   0   0   0   0   0]
 [107  36 481   0 376   0   0   0   0   0]
 [283 358 311   0  48   0   0   0   0   0]
 [204 572 203   0  21   0   0   0   0   0]]
TRAINING class wise acc@4 :: {0: [0.5686], 1: [0.7148], 2: [0.1596], 3: [0.2846], 4: [0.4684], 5: [0.0], 6: [0.0], 7: [0.0], 8: [0.0], 9: [0.0064]}
TRAIINING epoch@4 ::  acc@0.293  loss@1.800
[[2843 1262  438  259  186    0    0    0    0   12]
 [1184 3574  124   46   55    0    0    0    0   17]
 [ 753   70  798 1277 2100    0    0    0    0    2]
 [ 505   38  788 1423 2245    0    0    0    0    1]
 [ 545   30  667 1416 2342    0    0    0    0    0]
 [ 191   13  355  748 1192    0    0    0    0    1]
 [ 170   21  270  753 1286    0    0    0    0    0]
 [ 445   31  562  634  828    0    0    0    0    0]
 [1188 1090  114   58   38    0    0    0    0   12]
 [ 996 1209  151   70   58    0    0    0    0   16]]
TESTING class wise acc@4 :: {0: [0.75], 1: [0.632], 2: [0.085], 3: [0.82], 4: [0.0], 5: [0.0], 6: [0.0], 7: [0.0], 8: [0.0], 9: [0.0]}
TESTING epoch@4 ::  acc@0.229  loss@1.881
Epoch@@5
[[750  99  59  92   0   0   0   0   0   0]
 [328 632  14  26   0   0   0   0   0   0]
 [136   0  85 779   0   0   0   0   0   0]
 [108   1  71 820   0   0   0   0   0   0]
 [ 72   3  61 864   0   0   0   0   0   0]
 [ 72   0  70 858   0   0   0   0   0   0]
 [ 88   4  57 851   0   0   0   0   0   0]
 [183   3 146 668   0   0   0   0   0   0]
 [660 254  42  44   0   0   0   0   0   0]
 [484 443  32  41   0   0   0   0   0   0]]
TRAINING class wise acc@5 :: {0: [0.7572], 1: [0.7668], 2: [0.1762], 3: [0.2468], 4: [0.4926], 5: [0.0], 6: [0.0], 7: [0.0], 8: [0.0008], 9: [0.0176]}
TRAIINING epoch@5 ::  acc@0.327  loss@1.730
[[3786  499  383  154  165    0    0    0    1   12]
 [ 971 3834   76   28   37    0    0    0    1   53]
 [ 837   20  881 1161 2098    0    0    0    0    3]
 [ 581   24  845 1234 2315    0    0    0    0    1]
 [ 553   13  724 1247 2463    0    0    0    0    0]
 [ 205    7  419  650 1219    0    0    0    0    0]
 [ 190   18  281  659 1352    0    0    0    0    0]
 [ 414   14  570  575  926    0    0    0    0    1]
 [1826  476   99   42   37    0    0    0    2   18]
 [1040 1219  103   46   47    0    0    0    1   44]]
TESTING class wise acc@5 :: {0: [0.777], 1: [0.796], 2: [0.275], 3: [0.0], 4: [0.721], 5: [0.0], 6: [0.0], 7: [0.0], 8: [0.0], 9: [0.0]}
TESTING epoch@5 ::  acc@0.257  loss@1.826
Epoch@@6
[[777  37 148   0  38   0   0   0   0   0]
 [183 796  17   0   4   0   0   0   0   0]
 [142   1 275   0 582   0   0   0   0   0]
 [123   6 305   0 566   0   0   0   0   0]
 [ 83   0 196   0 721   0   0   0   0   0]
 [ 65   4 215   0 716   0   0   0   0   0]
 [ 63   1 180   0 756   0   0   0   0   0]
 [133   1 332   0 534   0   0   0   0   0]
 [808  65 104   0  23   0   0   0   0   0]
 [453 497  41   0   9   0   0   0   0   0]]
TRAINING class wise acc@6 :: {0: [0.8022], 1: [0.7986], 2: [0.239], 3: [0.1466], 4: [0.6384], 5: [0.0], 6: [0.0], 7: [0.0], 8: [0.0028], 9: [0.0184]}
TRAIINING epoch@6 ::  acc@0.351  loss@1.672
[[4011  277  436  138  100    0    0    0   14   24]
 [ 820 3993   58   16   19    0    0    0   22   72]
 [ 774   14 1195  727 2285    0    0    0    0    5]
 [ 521   13 1137  733 2594    0    0    0    0    2]
 [ 434    6  759  608 3192    0    0    0    0    1]
 [ 171    4  468  395 1462    0    0    0    0    0]
 [ 151    9  342  268 1727    0    0    0    1    2]
 [ 311    7  662  368 1149    0    0    0    1    2]
 [2026  287   97   35   22    0    0    0    7   26]
 [1033 1255   92   34   23    0    0    0   17   46]]
TESTING class wise acc@6 :: {0: [0.548], 1: [0.363], 2: [0.285], 3: [0.031], 4: [0.86], 5: [0.0], 6: [0.0], 7: [0.0], 8: [0.0], 9: [0.0]}
TESTING epoch@6 ::  acc@0.209  loss@2.060
Epoch@@7
[[548   1 382   6  63   0   0   0   0   0]
 [490 363 118   7  22   0   0   0   0   0]
 [ 21   0 285  44 650   0   0   0   0   0]
 [  7   0 187  31 775   0   0   0   0   0]
 [  5   0 116  19 860   0   0   0   0   0]
 [  1   0 146  23 830   0   0   0   0   0]
 [  1   0  64  11 924   0   0   0   0   0]
 [  8   0 219  38 735   0   0   0   0   0]
 [694   4 258   8  36   0   0   0   0   0]
 [603 103 234  11  49   0   0   0   0   0]]
TRAINING class wise acc@7 :: {0: [0.8098], 1: [0.8264], 2: [0.284], 3: [0.1686], 4: [0.6706], 5: [0.0], 6: [0.0], 7: [0.0], 8: [0.006], 9: [0.036]}
TRAIINING epoch@7 ::  acc@0.371  loss@1.626
[[4049  202  462  160   71    0    0    0   16   40]
 [ 677 4132   57   23   14    0    0    0   18   79]
 [ 733    5 1420  838 2001    0    0    0    1    2]
 [ 434    9 1308  843 2403    0    0    0    1    2]
 [ 320    5  790  530 3353    0    0    0    2    0]
 [ 128    2  645  459 1265    0    0    0    0    1]
 [ 116    4  269  231 1879    0    0    0    1    0]
 [ 249    2  712  476 1059    0    0    0    0    2]
 [2083  192  113   38   21    0    0    0   15   38]
 [ 911 1306  119   32   23    0    0    0   19   90]]
TESTING class wise acc@7 :: {0: [0.817], 1: [0.891], 2: [0.449], 3: [0.0], 4: [0.704], 5: [0.0], 6: [0.0], 7: [0.0], 8: [0.0], 9: [0.0]}
TESTING epoch@7 ::  acc@0.286  loss@1.736
Epoch@@8
[[817  28 143   0  12   0   0   0   0   0]
 [ 95 891  11   0   3   0   0   0   0   0]
 [125   1 449   0 425   0   0   0   0   0]
 [ 79   6 497   0 418   0   0   0   0   0]
 [ 40   0 256   0 704   0   0   0   0   0]
 [ 37   3 549   0 411   0   0   0   0   0]
 [ 41   2 158   0 799   0   0   0   0   0]
 [ 72   3 584   0 341   0   0   0   0   0]
 [827  93  77   0   3   0   0   0   0   0]
 [270 667  57   0   6   0   0   0   0   0]]
TRAINING class wise acc@8 :: {0: [0.8076], 1: [0.8314], 2: [0.2566], 3: [0.2718], 4: [0.617], 5: [0.0], 6: [0.0324], 7: [0.0], 8: [0.0076], 9: [0.0952]}
TRAIINING epoch@8 ::  acc@0.380  loss@1.584
[[4038  130  375  303   80    0    0    0   18   56]
 [ 505 4157   39   31   14    0    0    0   30  224]
 [ 671    3 1283 1244 1770    0   27    0    1    1]
 [ 423    5 1380 1359 1809    0   21    0    0    3]
 [ 272    3  715  843 3085    0   80    0    0    2]
 [ 117    2  769  741  867    0    4    0    0    0]
 [  76    1  219  229 1894    0   81    0    0    0]
 [ 221    2  746  747  779    0    2    0    1    2]
 [2072  152   93   69   21    0    0    0   19   74]
 [ 856 1232   77   65   10    0    0    0   22  238]]
TESTING class wise acc@8 :: {0: [0.917], 1: [0.871], 2: [0.003], 3: [0.276], 4: [0.785], 5: [0.0], 6: [0.0], 7: [0.0], 8: [0.0], 9: [0.114]}
TESTING epoch@8 ::  acc@0.297  loss@1.698
Epoch@@9
[[917  14   1  34  20   0   0   0   0  14]
 [ 77 871   0   3   1   0   0   0   0  48]
 [248   1   3 242 505   0   0   0   0   1]
 [221   5   3 276 495   0   0   0   0   0]
 [ 91   0   3 120 785   0   0   0   0   1]
 [151   1   4 370 473   0   0   0   0   1]
 [ 61   0   1  88 849   0   0   0   0   1]
 [284   0   7 346 362   0   0   0   0   1]
 [870  50   2  21   4   0   0   0   0  53]
 [347 521   0   7  11   0   0   0   0 114]]
TRAINING class wise acc@9 :: {0: [0.8202], 1: [0.8266], 2: [0.3044], 3: [0.2924], 4: [0.627], 5: [0.0], 6: [0.04], 7: [0.0], 8: [0.0068], 9: [0.14]}
TRAIINING epoch@9 ::  acc@0.395  loss@1.546
[[4101   79  389  287   45    0    1    0   17   81]
 [ 461 4133   21   35   13    0    0    0   21  316]
 [ 617    3 1522 1247 1583    0   22    0    0    6]
 [ 419    5 1594 1462 1499    0   18    0    0    3]
 [ 202    0  852  748 3135    0   62    0    0    1]
 [ 132    0  900  824  637    0    5    0    1    1]
 [  87    1  192  197 1921    0  100    0    0    2]
 [ 221    2  892  746  635    0    2    0    0    2]
 [2073  126  100   65   20    0    0    0   17   99]
 [ 801 1191   67   53   12    0    0    0   26  350]]
TESTING class wise acc@9 :: {0: [0.953], 1: [0.764], 2: [0.0], 3: [0.608], 4: [0.496], 5: [0.0], 6: [0.303], 7: [0.0], 8: [0.008], 9: [0.03]}
TESTING epoch@9 ::  acc@0.316  loss@1.686
Epoch@@10
[[953   2   0  41   3   0   0   0   1   0]
 [185 764   0   7   0   0   0   0  30  14]
 [275   1   0 517 194   0  12   0   1   0]
 [251   2   0 608 130   0   8   0   0   1]
 [ 95   0   0 363 496   0  46   0   0   0]
 [224   1   0 688  84   0   2   0   1   0]
 [ 59   0   0 216 422   0 303   0   0   0]
 [240   0   0 629 130   0   1   0   0   0]
 [937  25   0  25   1   0   0   0   8   4]
 [467 418   0  20   0   0   0   0  65  30]]
TRAINING class wise acc@10 :: {0: [0.8162], 1: [0.8456], 2: [0.2802], 3: [0.3494], 4: [0.6416], 5: [0.0], 6: [0.0752], 7: [0.0], 8: [0.0184], 9: [0.2104]}
TRAIINING epoch@10 ::  acc@0.411  loss@1.504
[[4081   39  300  386   49    0    0    0   32  113]
 [ 325 4228   32   21    5    0    0    0   32  357]
 [ 596    0 1401 1528 1427    0   43    0    0    5]
 [ 393    2 1539 1747 1284    0   27    0    3    5]
 [ 152    0  701  780 3208    0  157    0    1    1]
 [ 119    2  872  989  511    0    5    0    0    2]
 [  59    0  190  208 1854    0  188    0    0    1]
 [ 196    1  806  878  603    0   10    0    1    5]
 [2040   86   79   69   17    0    0    0   46  163]
 [ 799 1028   35   62    7    0    0    0   43  526]]
TESTING class wise acc@10 :: {0: [0.899], 1: [0.562], 2: [0.479], 3: [0.0], 4: [0.586], 5: [0.0], 6: [0.596], 7: [0.0], 8: [0.0], 9: [0.415]}
TESTING epoch@10 ::  acc@0.354  loss@1.632
Epoch@@11
[[899   0  74   0  16   0   1   0   0  10]
 [141 562  20   0   3   0   0   0   0 274]
 [137   0 479   0 329   0  55   0   0   0]
 [ 95   0 511   0 339   0  54   0   0   1]
 [ 30   0 153   0 586   0 231   0   0   0]
 [ 51   0 623   0 310   0  16   0   0   0]
 [ 14   0  77   0 313   0 596   0   0   0]
 [ 49   0 446   0 464   0  41   0   0   0]
 [880   0  64   0  14   0   1   0   0  41]
 [416  73  72   0  23   0   1   0   0 415]]
TRAINING class wise acc@11 :: {0: [0.8264], 1: [0.8622], 2: [0.3224], 3: [0.3268], 4: [0.6484], 5: [0.0], 6: [0.1576], 7: [0.0], 8: [0.0204], 9: [0.3148]}
TRAIINING epoch@11 ::  acc@0.431  loss@1.449
[[4132   25  378  262   42    0    0    0   31  130]
 [ 239 4311   29   17    8    0    0    0   25  371]
 [ 589    1 1612 1487 1257    0   53    0    1    0]
 [ 346    1 1825 1634 1146    0   36    0    2   10]
 [ 112    1  653  703 3242    0  288    0    1    0]
 [  79    0 1005  939  470    0    4    0    1    2]
 [  41    0  192  166 1707    0  394    0    0    0]
 [ 178    0  886  808  617    0    8    0    1    2]
 [2044   53   87   60   14    0    0    0   51  191]
 [ 655  894   45   46    3    0    0    0   70  787]]
TESTING class wise acc@11 :: {0: [0.814], 1: [0.853], 2: [0.74], 3: [0.0], 4: [0.637], 5: [0.0], 6: [0.0], 7: [0.0], 8: [0.0], 9: [0.097]}
TESTING epoch@11 ::  acc@0.314  loss@1.627
Epoch@@12
[[814   3 177   0   6   0   0   0   0   0]
 [101 853  19   0   0   0   0   0   0  27]
 [ 82   0 740   0 178   0   0   0   0   0]
 [ 33   2 834   0 131   0   0   0   0   0]
 [ 14   0 349   0 637   0   0   0   0   0]
 [  9   0 898   0  93   0   0   0   0   0]
 [  9   0 176   0 815   0   0   0   0   0]
 [ 25   0 869   0 106   0   0   0   0   0]
 [846  22 109   0   8   0   0   0   0  15]
 [421 397  81   0   4   0   0   0   0  97]]
TRAINING class wise acc@12 :: {0: [0.8156], 1: [0.8472], 2: [0.385], 3: [0.3236], 4: [0.7466], 5: [0.0], 6: [0.0], 7: [0.0], 8: [0.046], 9: [0.3868]}
TRAIINING epoch@12 ::  acc@0.445  loss@1.409
[[4078   18  399  253   38    0    0    0  104  110]
 [ 221 4236   23    9    8    0    0    0   29  474]
 [ 539    1 1925 1458 1071    0    0    0    4    2]
 [ 305    1 2116 1618  956    0    0    0    2    2]
 [  87    0  622  557 3733    0    0    0    0    1]
 [  86    2 1154  916  342    0    0    0    0    0]
 [  40    1  231  198 2030    0    0    0    0    0]
 [ 135    0  999  780  584    0    0    0    0    2]
 [1945   49   86   60   10    0    0    0  115  235]
 [ 513  824   46   34    7    0    0    0  109  967]]
TESTING class wise acc@12 :: {0: [0.806], 1: [0.871], 2: [0.598], 3: [0.0], 4: [0.622], 5: [0.0], 6: [0.0], 7: [0.0], 8: [0.1], 9: [0.768]}
TESTING epoch@12 ::  acc@0.376  loss@1.720
Epoch@@13
[[806  12  62   0   2   0   0   0  44  74]
 [ 15 871   0   0   0   0   0   0   4 110]
 [229   0 598   0 167   0   0   0   2   4]
 [227   3 633   0 110   0   0   0   6  21]
 [ 61   0 314   0 622   0   0   0   2   1]
 [164   2 743   0  79   0   0   0   5   7]
 [ 68   0 278   0 645   0   0   0   5   4]
 [235   0 652   0  94   0   0   0   6  13]
 [601  38  13   0   2   0   0   0 100 246]
 [ 66 123   8   0   0   0   0   0  35 768]]
TRAINING class wise acc@13 :: {0: [0.8378], 1: [0.8614], 2: [0.347], 3: [0.4136], 4: [0.771], 5: [0.0], 6: [0.0], 7: [0.0], 8: [0.0624], 9: [0.4924]}
TRAIINING epoch@13 ::  acc@0.468  loss@1.372
[[4189   20  363  242   32    0    0    0   58   96]
 [ 173 4307   19   21    4    0    0    0   36  440]
 [ 559    2 1735 1781  915    0    0    0    3    5]
 [ 303    0 1821 2068  803    0    0    0    1    4]
 [  71    0  443  631 3855    0    0    0    0    0]
 [  64    0  979 1143  310    0    0    0    2    2]
 [  38    1  188  247 2025    0    0    0    1    0]
 [ 124    0  892 1001  478    0    0    0    1    4]
 [1895   39   93   53    6    0    0    0  156  258]
 [ 417  680   38   32    4    0    0    0   98 1231]]
TESTING class wise acc@13 :: {0: [0.9], 1: [0.801], 2: [0.0], 3: [0.877], 4: [0.622], 5: [0.0], 6: [0.0], 7: [0.0], 8: [0.0], 9: [0.368]}
TESTING epoch@13 ::  acc@0.357  loss@1.626
Epoch@@14
[[900   1   0  85   3   0   0   0   0  11]
 [ 74 801   0  16   1   0   0   0   0 108]
 [178   0   0 746  75   0   0   0   0   1]
 [ 87   1   0 877  35   0   0   0   0   0]
 [ 20   0   0 358 622   0   0   0   0   0]
 [ 44   0   0 929  26   0   0   0   0   1]
 [ 16   0   0 570 414   0   0   0   0   0]
 [ 37   0   0 831 132   0   0   0   0   0]
 [802   3   0  76   4   0   0   0   0 115]
 [222 325   0  83   2   0   0   0   0 368]]
TRAINING class wise acc@14 :: {0: [0.8438], 1: [0.8692], 2: [0.3604], 3: [0.4408], 4: [0.7792], 5: [0.0], 6: [0.0], 7: [0.0], 8: [0.0284], 9: [0.564]}
TRAIINING epoch@14 ::  acc@0.479  loss@1.344
[[4219   12  338  253   23    0    0    0   38  117]
 [ 173 4346   21   14    2    0    0    0   23  421]
 [ 550    0 1802 1838  807    0    0    0    0    3]
 [ 280    1 1825 2204  685    0    0    0    1    4]
 [  57    0  421  626 3896    0    0    0    0    0]
 [  59    0  993 1160  286    0    0    0    1    1]
 [  30    0  190  292 1984    0    0    0    0    4]
 [ 107    0  896 1051  443    0    0    0    0    3]
 [2040   28   71   49    7    0    0    0   71  234]
 [ 390  569   36   42    1    0    0    0   52 1410]]
TESTING class wise acc@14 :: {0: [0.936], 1: [0.803], 2: [0.747], 3: [0.0], 4: [0.579], 5: [0.0], 6: [0.0], 7: [0.0], 8: [0.0], 9: [0.385]}
TESTING epoch@14 ::  acc@0.345  loss@1.647
Epoch@@15
[[936   0  56   0   1   0   0   0   0   7]
 [106 803  10   0   0   0   0   0   0  81]
 [185   0 747   0  68   0   0   0   0   0]
 [118   1 837   0  42   0   0   0   0   2]
 [ 47   0 372   0 579   0   0   0   0   2]
 [ 51   0 905   0  42   0   0   0   0   2]
 [ 40   0 468   0 491   0   0   0   0   1]
 [ 99   0 754   0 145   0   0   0   0   2]
 [955   4  27   0   0   0   0   0   0  14]
 [469 122  23   0   1   0   0   0   0 385]]
TRAINING class wise acc@15 :: {0: [0.8352], 1: [0.8782], 2: [0.3732], 3: [0.4272], 4: [0.8044], 5: [0.0], 6: [0.0], 7: [0.0], 8: [0.1016], 9: [0.63]}
TRAIINING epoch@15 ::  acc@0.491  loss@1.311
[[4176    5  344  205   27    0    0    0  140  103]
 [ 123 4391   18   11    4    0    0    0   34  419]
 [ 543    1 1866 1874  714    0    0    0    1    1]
 [ 257    0 1924 2136  673    0    0    0    7    3]
 [  39    0  376  561 4022    0    0    0    0    2]
 [  60    0 1042 1124  274    0    0    0    0    0]
 [  32    0  180  260 2027    0    0    0    0    1]
 [  94    0  911 1020  473    0    0    0    0    2]
 [1857   23   75   42   10    0    0    0  254  239]
 [ 339  425   42   18    3    0    0    0   98 1575]]
TESTING class wise acc@15 :: {0: [0.505], 1: [0.765], 2: [0.0], 3: [0.853], 4: [0.852], 5: [0.0], 6: [0.0], 7: [0.0], 8: [0.003], 9: [0.436]}
TESTING epoch@15 ::  acc@0.341  loss@1.944
Epoch@@16
[[505   5   0 393  85   0   0   0   0  12]
 [ 64 765   0  71  15   0   0   0   1  84]
 [ 23   0   0 749 228   0   0   0   0   0]
 [  6   1   0 853 140   0   0   0   0   0]
 [  0   0   0 148 852   0   0   0   0   0]
 [  2   0   0 881 117   0   0   0   0   0]
 [  0   0   0 195 805   0   0   0   0   0]
 [  1   0   0 764 235   0   0   0   0   0]
 [513  13   0 341  82   0   0   0   3  48]
 [207 166   0 160  30   0   0   0   1 436]]
TRAINING class wise acc@16 :: {0: [0.8624], 1: [0.885], 2: [0.4418], 3: [0.4096], 4: [0.827], 5: [0.0], 6: [0.0], 7: [0.0], 8: [0.1196], 9: [0.666]}
TRAIINING epoch@16 ::  acc@0.509  loss@1.258
[[4312   10  378  121   25    0    0    0   84   70]
 [ 110 4425   17    6    0    0    0    0   39  403]
 [ 462    0 2209 1713  614    0    0    0    0    2]
 [ 226    1 2098 2048  622    0    0    0    1    4]
 [  33    0  274  557 4135    0    0    0    0    1]
 [  35    0 1071 1142  251    0    0    0    1    0]
 [  16    0  150  287 2047    0    0    0    0    0]
 [  68    0  903 1123  404    0    0    0    1    1]
 [1818   25   71   31    7    0    0    0  299  249]
 [ 275  400   34   14    5    0    0    0  107 1665]]
TESTING class wise acc@16 :: {0: [0.953], 1: [0.853], 2: [0.384], 3: [0.334], 4: [0.538], 5: [0.0], 6: [0.0], 7: [0.0], 8: [0.243], 9: [0.516]}
TESTING epoch@16 ::  acc@0.382  loss@1.636
Epoch@@17
[[953   0  15   6   1   0   0   0  24   1]
 [ 43 853   3   2   0   0   0   0  25  74]
 [337   0 384 231  47   0   0   0   0   1]
 [185   1 432 334  47   0   0   0   1   0]
 [ 51   1  68 341 538   0   0   0   1   0]
 [151   0 516 307  25   0   0   0   0   1]
 [ 27   0  46 190 737   0   0   0   0   0]
 [168   0 369 409  52   0   0   0   1   1]
 [647   8  14   6   1   0   0   0 243  81]
 [176 214  19  15   1   0   0   0  59 516]]
TRAINING class wise acc@17 :: {0: [0.8522], 1: [0.8926], 2: [0.436], 3: [0.5252], 4: [0.8336], 5: [0.0], 6: [0.0], 7: [0.0], 8: [0.2056], 9: [0.6912]}
TRAIINING epoch@17 ::  acc@0.532  loss@1.231
[[4261    5  398  112   19    0    0    0  132   73]
 [  98 4463   17    4    1    0    0    0   36  381]
 [ 532    1 2180 1774  507    0    0    0    3    3]
 [ 187    0 1619 2626  559    0    0    0    6    3]
 [  28    0  164  639 4168    0    0    0    1    0]
 [  50    0  876 1368  204    0    0    0    1    1]
 [  13    0   84  314 2088    0    0    0    1    0]
 [  61    0  675 1373  390    0    0    0    0    1]
 [1589   17   78   25    5    0    0    0  514  272]
 [ 237  368   34   15    2    0    0    0  116 1728]]
TESTING class wise acc@17 :: {0: [0.707], 1: [0.779], 2: [0.545], 3: [0.49], 4: [0.848], 5: [0.0], 6: [0.0], 7: [0.0], 8: [0.257], 9: [0.566]}
TESTING epoch@17 ::  acc@0.419  loss@1.659
Epoch@@18
[[707   1 231  15  10   0   0   0  20  16]
 [ 34 779  37   8   6   0   0   0  19 117]
 [ 46   0 545 257 152   0   0   0   0   0]
 [ 13   1 310 490 184   0   0   0   1   1]
 [  3   0  42 107 848   0   0   0   0   0]
 [  7   0 311 526 155   0   0   0   0   1]
 [  9   0  94 166 731   0   0   0   0   0]
 [  8   0 203 442 346   0   0   0   1   0]
 [473   8 134  19  15   0   0   0 257  94]
 [115  87 123  38  11   0   0   0  60 566]]
TRAINING class wise acc@18 :: {0: [0.8578], 1: [0.887], 2: [0.4454], 3: [0.4916], 4: [0.8374], 5: [0.0], 6: [0.0], 7: [0.0], 8: [0.2824], 9: [0.712]}
TRAIINING epoch@18 ::  acc@0.536  loss@1.223
[[4289    0  344  119   20    0    0    0  155   73]
 [  90 4435   23    8    1    0    0    0   35  408]
 [ 527    0 2227 1774  467    0    0    0    5    0]
 [ 172    0 1811 2458  551    0    0    0    5    3]
 [  23    0  196  594 4187    0    0    0    0    0]
 [  33    0  864 1370  228    0    0    0    3    2]
 [  14    0  101  338 2045    0    0    0    1    1]
 [  63    0  711 1317  408    0    0    0    0    1]
 [1411   17   61   24    1    0    0    0  706  280]
 [ 222  303   38   18    3    0    0    0  136 1780]]
TESTING class wise acc@18 :: {0: [0.795], 1: [0.722], 2: [0.8], 3: [0.045], 4: [0.737], 5: [0.0], 6: [0.0], 7: [0.0], 8: [0.143], 9: [0.767]}
TESTING epoch@18 ::  acc@0.401  loss@1.530
Epoch@@19
[[795   0 157   8   9   0   0   0  12  19]
 [ 58 722  23   2   1   0   0   0   9 185]
 [ 75   0 800  40  84   0   0   0   0   1]
 [ 37   1 848  45  65   0   0   0   0   4]
 [  5   0 167  90 737   0   0   0   0   1]
 [ 10   0 909  26  55   0   0   0   0   0]
 [  7   0 313 110 570   0   0   0   0   0]
 [ 20   0 790  96  93   0   0   0   0   1]
 [486   4  54   4   4   0   0   0 143 305]
 [110  61  40   1   0   0   0   0  21 767]]
TRAINING class wise acc@19 :: {0: [0.8654], 1: [0.902], 2: [0.4764], 3: [0.5344], 4: [0.8536], 5: [0.0], 6: [0.0], 7: [0.0], 8: [0.3816], 9: [0.7464]}
TRAIINING epoch@19 ::  acc@0.559  loss@1.176
[[4327    3  356   90   15    0    0    0  162   47]
 [  76 4510   18    7    1    0    0    0   50  338]
 [ 506    1 2382 1715  387    0    0    1    6    2]
 [ 148    0 1669 2672  500    0    0    2    6    3]
 [  15    0  133  584 4268    0    0    0    0    0]
 [  41    0  783 1444  231    0    0    0    1    0]
 [  15    0   90  307 2087    0    0    0    0    1]
 [  46    0  602 1454  397    0    0    0    0    1]
 [1190   15   57   24    7    0    0    0  954  253]
 [ 201  275   23    9    2    0    0    0  124 1866]]
TESTING class wise acc@19 :: {0: [0.78], 1: [0.802], 2: [0.303], 3: [0.603], 4: [0.704], 5: [0.0], 6: [0.0], 7: [0.0], 8: [0.792], 9: [0.827]}
TESTING epoch@19 ::  acc@0.481  loss@1.686
Epoch@@20
[[780   1  19  17   1   0   0   0 167  15]
 [  9 802   0   1   0   0   0   0  25 163]
 [232   0 303 365  80   0   0   0  18   2]
 [125   1 143 603  97   0   0   0  18  13]
 [ 36   1  24 231 704   0   0   0   4   0]
 [ 64   0 133 733  57   0   0   0  10   3]
 [ 44   0  24 172 752   0   0   0   6   2]
 [149   0 137 625  65   0   0   0  15   9]
 [125   4   8   5   2   0   0   0 792  64]
 [ 35  53   6   3   0   0   0   0  76 827]]
TRAINING class wise acc@20 :: {0: [0.8606], 1: [0.875], 2: [0.5012], 3: [0.6168], 4: [0.8474], 5: [0.0], 6: [0.0], 7: [0.0], 8: [0.45], 9: [0.698]}
TRAIINING epoch@20 ::  acc@0.570  loss@1.192
[[4303    3  356   82   18    0    0    0  187   51]
 [ 104 4375   19   10    3    0    0    0   70  419]
 [ 530    0 2506 1601  354    0    0    0    3    6]
 [ 144    0 1291 3084  472    0    0    0    7    2]
 [  22    0   84  654 4237    0    0    0    2    1]
 [  25    2  529 1733  207    0    0    0    3    1]
 [  17    0   62  339 2081    0    0    0    0    1]
 [  45    0  407 1658  388    0    0    0    1    1]
 [ 990   18   70   26    2    0    0    0 1125  269]
 [ 183  337   28   18    0    0    0    0  189 1745]]
TESTING class wise acc@20 :: {0: [0.788], 1: [0.858], 2: [0.153], 3: [0.742], 4: [0.883], 5: [0.0], 6: [0.0], 7: [0.0], 8: [0.242], 9: [0.6]}
TESTING epoch@20 ::  acc@0.427  loss@1.554
Epoch@@21
[[788   9  68  82  21   0   0   0  13  19]
 [ 45 858   4  15   7   0   0   0   5  66]
 [108   0 153 534 203   0   0   0   1   1]
 [ 23   1  38 742 193   0   0   0   2   1]
 [  8   0   4 105 883   0   0   0   0   0]
 [ 11   0  18 843 128   0   0   0   0   0]
 [  3   0   7 118 872   0   0   0   0   0]
 [ 17   0  15 726 241   0   0   0   1   0]
 [542  10  39  52  16   0   0   0 242  99]
 [110 207  16  30  10   0   0   0  27 600]]
TRAINING class wise acc@21 :: {0: [0.8634], 1: [0.9064], 2: [0.5342], 3: [0.6574], 4: [0.8742], 5: [0.0], 6: [0.0], 7: [0.0], 8: [0.5196], 9: [0.76]}
TRAIINING epoch@21 ::  acc@0.597  loss@1.123
[[4317    3  374   77    5    0    0    1  184   39]
 [  41 4532   14    9    1    0    0    0   44  359]
 [ 518    0 2671 1553  251    0    0    0    6    1]
 [ 122    0 1192 3287  391    0    0    0    5    3]
 [  10    0   67  552 4371    0    0    0    0    0]
 [  20    0  527 1763  190    0    0    0    0    0]
 [  10    1   58  327 2104    0    0    0    0    0]
 [  33    0  314 1742  410    0    0    0    0    1]
 [ 879   14   55   16    2    0    0    0 1299  235]
 [ 133  252   26   14    2    0    0    0  173 1900]]
TESTING class wise acc@21 :: {0: [0.777], 1: [0.939], 2: [0.582], 3: [0.623], 4: [0.742], 5: [0.0], 6: [0.0], 7: [0.0], 8: [0.443], 9: [0.11]}
TESTING epoch@21 ::  acc@0.422  loss@1.924
Epoch@@22
[[777  14 109  40   6   0   0   0  40  14]
 [ 14 939  12   5   2   0   0   0  11  17]
 [101   0 582 240  76   0   0   0   0   1]
 [ 17   2 262 623  93   0   0   0   2   1]
 [  7   0  42 208 742   0   0   0   1   0]
 [  6   0 240 696  56   0   0   0   1   1]
 [  4   0  47 175 773   0   0   0   0   1]
 [  7   0 119 738 135   0   0   0   1   0]
 [298  51  81  39   8   0   0   0 443  80]
 [ 46 722  33  38   4   0   0   0  47 110]]
TRAINING class wise acc@22 :: {0: [0.8652], 1: [0.9126], 2: [0.5698], 3: [0.6832], 4: [0.8858], 5: [0.0], 6: [0.0], 7: [0.0], 8: [0.618], 9: [0.7464]}
TRAIINING epoch@22 ::  acc@0.613  loss@1.079
[[4326    2  361   78    7    0    0    0  199   27]
 [  40 4563   13    4    0    0    0    0   53  327]
 [ 483    1 2849 1446  215    0    0    0    4    2]
 [  86    0 1106 3416  385    0    0    0    5    2]
 [   5    0   51  515 4429    0    0    0    0    0]
 [  18    0  426 1878  178    0    0    0    0    0]
 [   5    0   47  314 2134    0    0    0    0    0]
 [  22    0  239 1838  400    0    0    0    1    0]
 [ 708   15   51   13    2    0    0    0 1545  166]
 [ 121  295   24    4    3    0    0    0  187 1866]]
TESTING class wise acc@22 :: {0: [0.727], 1: [0.923], 2: [0.6], 3: [0.701], 4: [0.717], 5: [0.0], 6: [0.0], 7: [0.0], 8: [0.453], 9: [0.722]}
TESTING epoch@22 ::  acc@0.484  loss@1.504
Epoch@@23
[[727   3 183  38   4   0   0   0  22  23]
 [  8 923   8   7   1   0   0   0  12  41]
 [ 77   0 600 268  52   0   0   0   1   2]
 [ 18   2 228 701  43   0   0   0   5   3]
 [  4   0  31 245 717   0   0   0   2   1]
 [  7   0 241 711  36   0   0   0   3   2]
 [  8   0  56 246 690   0   0   0   0   0]
 [ 12   1  97 830  60   0   0   0   0   0]
 [338  15  74  25   5   0   0   0 453  90]
 [ 40 162  23  17   0   0   0   0  36 722]]
TRAINING class wise acc@23 :: {0: [0.8594], 1: [0.9178], 2: [0.5972], 3: [0.7172], 4: [0.886], 5: [0.0], 6: [0.0], 7: [0.0], 8: [0.6572], 9: [0.7824]}
TRAIINING epoch@23 ::  acc@0.626  loss@1.051
[[4297    1  386   62   10    0    0    0  207   37]
 [  34 4589   11    7    2    0    0    0   49  308]
 [ 480    0 2986 1329  198    0    0    0    6    1]
 [  79    0  993 3586  340    0    0    0    1    1]
 [   5    0   37  528 4430    0    0    0    0    0]
 [  16    1  397 1911  174    0    0    0    1    0]
 [   3    0   35  330 2131    0    0    0    1    0]
 [  14    0  197 1870  418    0    0    0    1    0]
 [ 603   12   43    7    3    0    0    0 1643  189]
 [ 119  212   26   12    1    0    0    0  174 1956]]
TESTING class wise acc@23 :: {0: [0.873], 1: [0.817], 2: [0.398], 3: [0.717], 4: [0.849], 5: [0.0], 6: [0.0], 7: [0.0], 8: [0.645], 9: [0.749]}
TESTING epoch@23 ::  acc@0.505  loss@1.495
Epoch@@24
[[873   0  60  22   3   0   0   0  31  11]
 [ 18 817   5   2   1   0   0   0  20 137]
 [ 89   0 398 396 111   0   0   0   3   3]
 [ 40   1  98 717 136   0   0   0   4   4]
 [ 12   0  17 117 849   0   0   0   4   1]
 [ 13   0  57 828  99   0   0   0   1   2]
 [ 11   0  35 181 767   0   0   0   5   1]
 [ 24   0  61 738 172   0   0   0   3   2]
 [288   1  25   8   3   0   0   0 645  30]
 [ 82  53  17  13   5   0   0   0  81 749]]
TRAINING class wise acc@24 :: {0: [0.8528], 1: [0.8948], 2: [0.5946], 3: [0.7218], 4: [0.8836], 5: [0.0], 6: [0.0], 7: [0.0032], 8: [0.6012], 9: [0.7492]}
TRAIINING epoch@24 ::  acc@0.617  loss@1.095
[[4264    5  410   71   10    0    0    0  205   35]
 [  69 4474   31    8    2    0    0    0   60  356]
 [ 461    0 2973 1371  189    0    0    1    4    1]
 [  78    2  921 3609  373    0    0    7    7    3]
 [  12    0   42  513 4418    0    0   14    1    0]
 [  24    0  308 2007  156    0    0    4    0    1]
 [   7    0   48  356 2082    0    0    6    0    1]
 [  17    0  191 1900  384    0    0    8    0    0]
 [ 711   13   53   15    0    0    0    0 1503  205]
 [ 128  293   31   10    0    0    0    0  165 1873]]
TESTING class wise acc@24 :: {0: [0.825], 1: [0.82], 2: [0.41], 3: [0.766], 4: [0.729], 5: [0.0], 6: [0.0], 7: [0.0], 8: [0.723], 9: [0.802]}
TESTING epoch@24 ::  acc@0.507  loss@1.409
Epoch@@25
[[825   3  69  26   5   0   0   0  66   6]
 [ 19 820   8   4   1   0   0   0  36 112]
 [178   0 410 347  61   0   0   0   3   1]
 [ 34   1 148 766  44   0   0   0   6   1]
 [ 12   0  17 239 729   0   0   0   2   1]
 [ 12   0 112 842  32   0   0   0   1   1]
 [  9   0  30 263 698   0   0   0   0   0]
 [ 15   0  60 862  57   0   0   0   4   2]
 [191   5  26  23   2   0   0   0 723  30]
 [ 34  30  16  13   0   0   0   0 105 802]]
TRAINING class wise acc@25 :: {0: [0.8598], 1: [0.9108], 2: [0.6492], 3: [0.7374], 4: [0.8898], 5: [0.0], 6: [0.0], 7: [0.0012], 8: [0.6824], 9: [0.7876]}
TRAIINING epoch@25 ::  acc@0.638  loss@1.042
[[4299    2  388   72    9    0    0    0  197   33]
 [  51 4554   21    3    1    0    0    0   49  321]
 [ 435    0 3246 1156  155    0    0    1    5    2]
 [  60    0  921 3687  328    0    0    1    2    1]
 [   5    0   54  491 4449    0    0    1    0    0]
 [  15    0  340 1998  147    0    0    0    0    0]
 [   5    0   36  317 2141    0    0    0    0    1]
 [  12    0  164 1969  349    0    0    3    2    1]
 [ 576    8   39   14    4    0    0    0 1706  153]
 [ 104  212   32    9    0    0    0    1  173 1969]]
TESTING class wise acc@25 :: {0: [0.83], 1: [0.866], 2: [0.523], 3: [0.7], 4: [0.847], 5: [0.0], 6: [0.0], 7: [0.0], 8: [0.771], 9: [0.613]}
TESTING epoch@25 ::  acc@0.515  loss@1.450
Epoch@@26
[[830   0  67  35  11   0   0   0  52   5]
 [ 31 866   8   5   2   0   0   0  33  55]
 [100   0 523 275 100   0   0   0   2   0]
 [ 21   1 132 700 144   0   0   0   2   0]
 [  8   0  28 115 847   0   0   0   1   1]
 [  9   0  69 819 103   0   0   0   0   0]
 [  1   0  21 118 858   0   0   0   2   0]
 [ 12   0  48 754 185   0   0   0   0   1]
 [162   4  22  19   9   0   0   0 771  13]
 [ 71 146  21  18  12   0   0   0 119 613]]
TRAINING class wise acc@26 :: {0: [0.8692], 1: [0.927], 2: [0.7038], 3: [0.7882], 4: [0.9114], 5: [0.0], 6: [0.0], 7: [0.0008], 8: [0.7348], 9: [0.812]}
TRAIINING epoch@26 ::  acc@0.663  loss@0.962
[[4346    0  374   48    8    0    0    0  195   29]
 [  35 4635   17    1    0    0    0    0   42  270]
 [ 353    0 3519 1022  102    0    0    0    0    4]
 [  57    0  723 3941  276    0    0    0    2    1]
 [   1    0   18  424 4557    0    0    0    0    0]
 [   9    0  246 2094  150    0    0    0    1    0]
 [   2    0   29  269 2199    0    0    1    0    0]
 [   8    0  107 2045  338    0    0    2    0    0]
 [ 478    5   39    6    0    0    0    0 1837  135]
 [  74  194   21    7    0    0    0    0  174 2030]]
TESTING class wise acc@26 :: {0: [0.81], 1: [0.905], 2: [0.439], 3: [0.837], 4: [0.675], 5: [0.0], 6: [0.0], 7: [0.0], 8: [0.594], 9: [0.709]}
TESTING epoch@26 ::  acc@0.497  loss@1.789
Epoch@@27
[[810  10  67  36   2   0   0   0  51  24]
 [ 21 905   7  15   1   0   0   0  10  41]
 [104   0 439 399  49   0   0   0   8   1]
 [ 45   2  74 837  36   0   0   0   2   4]
 [ 15   1  30 276 675   0   0   0   2   1]
 [  9   0  43 914  30   0   0   0   2   2]
 [ 17   1  40 380 556   0   0   0   5   1]
 [ 22   0  39 847  75   0   0   0   6  11]
 [209  33  19  18   2   0   0   0 594 125]
 [ 29 208  11  12   0   0   0   0  31 709]]
TRAINING class wise acc@27 :: {0: [0.8672], 1: [0.9254], 2: [0.7128], 3: [0.7866], 4: [0.9098], 5: [0.0], 6: [0.0], 7: [0.0076], 8: [0.7352], 9: [0.8156]}
TRAIINING epoch@27 ::  acc@0.664  loss@0.959
[[4336    3  387   63   10    0    0    0  183   18]
 [  28 4627   12    7    1    0    0    0   47  278]
 [ 337    0 3564 1001   89    0    0    2    5    2]
 [  42    0  711 3933  291    0    0   19    4    0]
 [   2    0   25  416 4549    0    0    8    0    0]
 [   7    1  233 2120  126    0    0   12    1    0]
 [   2    0   16  240 2238    0    0    4    0    0]
 [   8    0   96 2047  328    0    0   19    2    0]
 [ 463    5   32   13    0    0    0    0 1838  149]
 [  84  163   29    6    0    0    0    0  179 2039]]
TESTING class wise acc@27 :: {0: [0.84], 1: [0.845], 2: [0.605], 3: [0.255], 4: [0.683], 5: [0.0], 6: [0.0], 7: [0.0], 8: [0.872], 9: [0.517]}
TESTING epoch@27 ::  acc@0.462  loss@1.961
Epoch@@28
[[840   1  38   7   0   0   0   0 113   1]
 [ 20 845   5   3   1   0   0   0  75  51]
 [282   0 605  65  43   0   0   0   4   1]
 [ 65   1 599 255  69   0   0   0  11   0]
 [ 27   1 123 161 683   0   0   0   4   1]
 [ 21   0 622 310  46   0   0   0   1   0]
 [ 18   0  97 128 755   0   0   0   2   0]
 [ 43   0 311 569  68   0   0   0   9   0]
 [ 98   4  18   4   1   0   0   0 872   3]
 [ 67 138  28   2   1   0   0   0 247 517]]
TRAINING class wise acc@28 :: {0: [0.8652], 1: [0.93], 2: [0.7518], 3: [0.819], 4: [0.9154], 5: [0.0], 6: [0.0], 7: [0.0088], 8: [0.7584], 9: [0.808]}
TRAIINING epoch@28 ::  acc@0.676  loss@0.927
[[4326    0  412   44    5    0    0    0  196   17]
 [  24 4650    9    2    2    0    0    0   54  259]
 [ 306    0 3759  851   77    0    0    2    4    1]
 [  29    0  608 4095  243    0    0   21    2    2]
 [   1    0   23  389 4577    0    0   10    0    0]
 [   7    0  201 2161  121    0    0    9    1    0]
 [   4    0   21  243 2228    0    0    4    0    0]
 [   4    0   96 2065  312    0    0   22    0    1]
 [ 357    6   44   11    2    0    0    0 1896  184]
 [  76  175   21   16    0    0    0    0  192 2020]]
TESTING class wise acc@28 :: {0: [0.627], 1: [0.916], 2: [0.32], 3: [0.687], 4: [0.786], 5: [0.0], 6: [0.0], 7: [0.041], 8: [0.615], 9: [0.725]}
TESTING epoch@28 ::  acc@0.472  loss@2.875
Epoch@@29
[[627  20 105  60  10   0   0   1 119  58]
 [ 14 916   6   7   1   0   0   1   9  46]
 [ 75   6 320 399 166   0   0  16   8  10]
 [ 33   6  55 687 164   0   0  38   8   9]
 [ 12   5  14 152 786   0   0  19   2  10]
 [ 12   4  32 782 131   0   0  23   6  10]
 [ 17   9  14 144 783   0   0  11   5  17]
 [ 21   3  41 761 116   0   0  41   4  13]
 [119  40  23  34   5   0   0   2 615 162]
 [ 26 176  14  23   3   0   0   0  33 725]]
TRAINING class wise acc@29 :: {0: [0.8726], 1: [0.9282], 2: [0.7592], 3: [0.8148], 4: [0.9188], 5: [0.0], 6: [0.0], 7: [0.0148], 8: [0.7816], 9: [0.8212]}
TRAIINING epoch@29 ::  acc@0.680  loss@0.925
[[4363    3  384   48    3    0    0    0  180   19]
 [  24 4641   13    5    0    0    0    0   38  279]
 [ 278    0 3796  812   97    0    0   12    3    2]
 [  35    0  583 4074  272    0    0   34    2    0]
 [   3    0   25  351 4594    0    0   27    0    0]
 [   5    0  227 2124  129    0    0   14    1    0]
 [   0    0   19  245 2222    0    0   14    0    0]
 [   8    0   89 2082  284    0    0   37    0    0]
 [ 363   12   49   12    0    0    0    0 1954  110]
 [  84  166   22    3    0    0    0    0  172 2053]]
TESTING class wise acc@29 :: {0: [0.631], 1: [0.616], 2: [0.485], 3: [0.648], 4: [0.898], 5: [0.0], 6: [0.0], 7: [0.0], 8: [0.314], 9: [0.186]}
TESTING epoch@29 ::  acc@0.378  loss@3.385
Epoch@@30
[[631   6 188  95  65   0   0   0   8   7]
 [ 47 616  32  74 103   0   0   0  40  88]
 [ 36   0 485 304 175   0   0   0   0   0]
 [  4   2  55 648 291   0   0   0   0   0]
 [  2   0  16  83 898   0   0   0   1   0]
 [  3   0  48 727 222   0   0   0   0   0]
 [  0   0  19  90 891   0   0   0   0   0]
 [  6   0  14 464 516   0   0   0   0   0]
 [361  18  85 102  89   0   0   0 314  31]
 [105  78  98 154 236   0   0   0 143 186]]
TRAINING class wise acc@30 :: {0: [0.87], 1: [0.9084], 2: [0.743], 3: [0.8262], 4: [0.9132], 5: [0.0], 6: [0.0], 7: [0.0272], 8: [0.7812], 9: [0.8044]}
TRAIINING epoch@30 ::  acc@0.676  loss@0.960
[[4350    1  393   53    7    0    0    3  172   21]
 [  35 4542   17    9    3    0    0    0   60  334]
 [ 318    0 3715  861   91    0    0   12    2    1]
 [  47    0  545 4131  243    0    0   30    4    0]
 [   0    0   20  387 4566    0    0   27    0    0]
 [  11    0  194 2151  128    0    0   15    1    0]
 [   4    0   30  303 2143    0    0   19    0    1]
 [   8    0   68 2049  306    0    0   68    1    0]
 [ 371    9   46   10    3    0    0    0 1953  108]
 [  83  219   30   12    3    0    0    0  142 2011]]
TESTING class wise acc@30 :: {0: [0.887], 1: [0.886], 2: [0.607], 3: [0.671], 4: [0.857], 5: [0.0], 6: [0.0], 7: [0.0], 8: [0.773], 9: [0.773]}
TESTING epoch@30 ::  acc@0.545  loss@1.497
Epoch@@31
[[887   1  39  15   5   0   0   0  46   7]
 [ 16 886   7   2   2   0   0   0  18  69]
 [114   0 607 169 103   0   0   0   5   2]
 [ 39   1 134 671 150   0   0   0   4   1]
 [  9   0  35  98 857   0   0   0   1   0]
 [ 12   0  90 782 113   0   0   0   2   1]
 [  9   0  34  93 863   0   0   0   1   0]
 [ 22   0  81 750 144   0   0   0   1   2]
 [159   8  15   9   4   0   0   0 773  32]
 [ 45  72  16  11   3   0   0   0  80 773]]
TRAINING class wise acc@31 :: {0: [0.8948], 1: [0.9332], 2: [0.801], 3: [0.841], 4: [0.9368], 5: [0.0], 6: [0.0], 7: [0.088], 8: [0.8216], 9: [0.8572]}
TRAIINING epoch@31 ::  acc@0.705  loss@0.840
[[4474    0  313   36    1    0    0    2  162   12]
 [  17 4666    6    4    1    0    0    0   44  262]
 [ 254    0 4005  676   44    0    0   14    3    4]
 [  27    0  493 4205  199    0    0   73    3    0]
 [   1    0    5  240 4684    0    0   70    0    0]
 [   5    0  179 2195   89    0    0   30    1    1]
 [   0    0   11  200 2250    0    0   37    2    0]
 [   2    0   42 1950  286    0    0  220    0    0]
 [ 323    9   28    7    0    0    0    0 2054   79]
 [  60  148   10    2    0    0    0    0  137 2143]]
TESTING class wise acc@31 :: {0: [0.846], 1: [0.875], 2: [0.697], 3: [0.741], 4: [0.706], 5: [0.0], 6: [0.0], 7: [0.046], 8: [0.74], 9: [0.838]}
TESTING epoch@31 ::  acc@0.549  loss@1.675
Epoch@@32
[[846   1  88  25   3   0   0   1  25  11]
 [ 13 875   5   1   0   0   0   0  19  87]
 [ 71   0 697 177  42   0   0   6   4   3]
 [ 39   1 133 741  61   0   0  17   5   3]
 [ 12   1  66 177 706   0   0  36   1   1]
 [ 12   1  95 815  51   0   0  19   5   2]
 [  7   0  48 145 770   0   0  27   3   0]
 [ 25   0  72 794  57   0   0  46   5   1]
 [194   7  16  10   2   0   0   0 740  31]
 [ 39  43  17   6   1   0   0   1  55 838]]
TRAINING class wise acc@32 :: {0: [0.8888], 1: [0.9338], 2: [0.7882], 3: [0.8514], 4: [0.9248], 5: [0.0], 6: [0.0], 7: [0.1792], 8: [0.8036], 9: [0.8368]}
TRAIINING epoch@32 ::  acc@0.706  loss@0.863
[[4444    1  323   41    4    0    0    2  172   13]
 [  28 4669    8    5    1    0    0    0   41  248]
 [ 260    0 3941  720   56    0    0   17    2    4]
 [  19    0  434 4257  184    0    0  103    2    1]
 [   0    0   18  250 4624    0    0  106    1    1]
 [   7    0  165 2171   82    0    0   75    0    0]
 [   3    0   21  176 2229    0    0   71    0    0]
 [   3    0   46 1689  314    0    0  448    0    0]
 [ 342    6   35   11    0    0    0    2 2009   95]
 [  67  159   12    7    0    0    0    0  163 2092]]
TESTING class wise acc@32 :: {0: [0.863], 1: [0.83], 2: [0.524], 3: [0.694], 4: [0.825], 5: [0.0], 6: [0.0], 7: [0.387], 8: [0.749], 9: [0.734]}
TESTING epoch@32 ::  acc@0.561  loss@1.490
Epoch@@33
[[863   0  53  28  11   0   0   1  39   5]
 [ 25 830   4   5   1   0   0   0  62  73]
 [ 93   0 524 268  73   0   0  39   3   0]
 [ 39   1  76 694  88   0   0  98   3   1]
 [ 14   0  15  89 825   0   0  53   3   1]
 [  7   0  28 803  70   0   0  90   2   0]
 [  7   0  24 140 779   0   0  48   2   0]
 [ 21   0  21 274 296   0   0 387   1   0]
 [205   2  12  17   2   0   0   6 749   7]
 [ 42  39  12  18   1   0   0   2 152 734]]
TRAINING class wise acc@33 :: {0: [0.8738], 1: [0.9208], 2: [0.7858], 3: [0.8254], 4: [0.9234], 5: [0.0], 6: [0.0004], 7: [0.1764], 8: [0.824], 9: [0.8356]}
TRAIINING epoch@33 ::  acc@0.700  loss@0.886
[[4369    2  372   59    4    0    0    3  174   17]
 [  34 4604   14    7    2    0    0    1   43  295]
 [ 285    0 3929  696   55    0    0   30    5    0]
 [  31    0  471 4127  211    0    0  156    4    0]
 [   1    0   28  224 4617    0    1  129    0    0]
 [   5    0  166 2148  108    0    1   72    0    0]
 [   2    0   18  195 2200    0    1   82    1    1]
 [   1    0   45 1680  326    0    7  441    0    0]
 [ 299    7   47    7    2    0    0    0 2060   78]
 [  46  169   19    9    0    0    0    1  167 2089]]
TESTING class wise acc@33 :: {0: [0.769], 1: [0.895], 2: [0.681], 3: [0.686], 4: [0.849], 5: [0.0], 6: [0.0], 7: [0.051], 8: [0.693], 9: [0.627]}
TESTING epoch@33 ::  acc@0.525  loss@1.821
Epoch@@34
[[769   7 111  46  12   0   0   3  39  13]
 [ 16 895  13   9   5   0   0   0  10  52]
 [ 70   0 681 137  96   0   0  15   1   0]
 [ 19   1 151 686 121   0   0  21   1   0]
 [  7   1  34  83 849   0   0  25   1   0]
 [  6   0 125 751 102   0   0  15   1   0]
 [  2   0  43 146 785   0   0  23   1   0]
 [  5   0  44 761 138   0   0  51   0   1]
 [166  13  32  24   8   0   0   3 693  61]
 [ 57 115  51  61  33   0   0   6  50 627]]
TRAINING class wise acc@34 :: {0: [0.894], 1: [0.9346], 2: [0.8238], 3: [0.835], 4: [0.9314], 5: [0.008], 6: [0.0], 7: [0.242], 8: [0.8196], 9: [0.8524]}
TRAIINING epoch@34 ::  acc@0.717  loss@0.830
[[4470    0  306   32    1    0    0    4  173   14]
 [  21 4673    5    5    2    0    0    0   46  248]
 [ 226    0 4119  586   32    6    0   29    1    1]
 [  19    1  404 4175  170   52    0  172    5    2]
 [   1    0   14  208 4657    1    0  119    0    0]
 [   6    0  155 2140   78   20    0  100    1    0]
 [   1    0   10  170 2229    2    0   88    0    0]
 [   2    0   33 1596  252   12    0  605    0    0]
 [ 290    4   35    9    0    0    0    0 2049  113]
 [  48  123   18   13    1    0    0    0  166 2131]]
TESTING class wise acc@34 :: {0: [0.836], 1: [0.846], 2: [0.641], 3: [0.631], 4: [0.817], 5: [0.0], 6: [0.0], 7: [0.424], 8: [0.781], 9: [0.824]}
TESTING epoch@34 ::  acc@0.580  loss@1.601
Epoch@@35
[[836   0  68  21   2   0   0   2  56  15]
 [ 10 846   7   4   0   0   0   3  19 111]
 [ 85   0 641 173  74   0   0  22   3   2]
 [ 26   1 136 631 120   0   0  76   5   5]
 [  6   1  44  79 817   0   0  52   1   0]
 [ 10   0 100 711  81   0   0  95   2   1]
 [  7   0  37  92 832   0   0  29   2   1]
 [ 14   0  54 347 153   0   0 424   7   1]
 [152   6  20  13   4   0   0   3 781  21]
 [ 37  33   6   9   4   0   0   2  85 824]]
TRAINING class wise acc@35 :: {0: [0.9116], 1: [0.9486], 2: [0.8448], 3: [0.8554], 4: [0.9494], 5: [0.0], 6: [0.0], 7: [0.3668], 8: [0.8584], 9: [0.8724]}
TRAIINING epoch@35 ::  acc@0.741  loss@0.748
[[4558    0  271   18    2    0    0    0  147    4]
 [   9 4743    4    2    1    0    0    0   29  212]
 [ 209    0 4224  506   22    0    0   36    2    1]
 [  21    0  369 4277  124    0    0  207    2    0]
 [   0    0    7  106 4747    0    1  139    0    0]
 [   2    0  127 2170   58    0    0  143    0    0]
 [   0    0    6  121 2276    0    0   97    0    0]
 [   3    0   21 1318  240    0    0  917    1    0]
 [ 253    3   21    4    0    0    0    0 2146   73]
 [  54  120    8    1    0    0    0    0  136 2181]]
TESTING class wise acc@35 :: {0: [0.841], 1: [0.87], 2: [0.506], 3: [0.767], 4: [0.81], 5: [0.0], 6: [0.0], 7: [0.496], 8: [0.767], 9: [0.896]}
TESTING epoch@35 ::  acc@0.595  loss@1.917
Epoch@@36
[[841   3  39  30   3   0   0   3  50  31]
 [  9 870   2   2   0   0   0   1   7 109]
 [ 82   0 506 270  95   0   0  38   5   4]
 [ 31   2  64 767  74   0   0  49   8   5]
 [ 13   1  16  85 810   0   0  72   3   0]
 [ 19   0  28 842  54   0   0  51   6   0]
 [ 19   1  14 114 815   0   0  34   2   1]
 [ 19   1  28 362  84   0   0 496   5   5]
 [126  12   9  12   1   0   0   3 767  70]
 [ 38  28   6  10   1   0   0   1  20 896]]
TRAINING class wise acc@36 :: {0: [0.9178], 1: [0.9474], 2: [0.8488], 3: [0.8644], 4: [0.9438], 5: [0.0], 6: [0.0], 7: [0.4468], 8: [0.8692], 9: [0.8764]}
TRAIINING epoch@36 ::  acc@0.749  loss@0.727
[[4589    1  247   26    2    0    0    3  123    9]
 [  13 4737    1    1    0    0    0    0   19  229]
 [ 204    0 4244  493   29    0    0   23    6    1]
 [  13    0  326 4322  105    0    0  233    1    0]
 [   0    0    2  107 4719    0    0  172    0    0]
 [   1    0  101 2182   60    0    0  156    0    0]
 [   0    0    7  104 2290    0    0   99    0    0]
 [   2    0   20 1103  258    0    0 1117    0    0]
 [ 227    4   23    1    1    0    0    1 2173   70]
 [  39  128   10    4    1    0    0    0  127 2191]]
TESTING class wise acc@36 :: {0: [0.887], 1: [0.865], 2: [0.671], 3: [0.566], 4: [0.718], 5: [0.0], 6: [0.0], 7: [0.602], 8: [0.778], 9: [0.601]}
TESTING epoch@36 ::  acc@0.569  loss@2.080
Epoch@@37
[[887   2  54  13   5   0   0   2  35   2]
 [ 19 865  10   1   0   0   0   2  48  55]
 [ 98   1 671 127  62   0   0  36   5   0]
 [ 38   2 191 566  86   0   0 111   4   2]
 [ 14   1  75  79 718   0   0 111   2   0]
 [ 18   0 142 671  43   0   0 124   1   1]
 [  8   0  53  80 778   0   0  79   1   1]
 [ 32   0  62 202  97   0   0 602   4   1]
 [164   9  15  11   4   0   0   2 778  17]
 [ 77  95  30  13   5   0   0   6 173 601]]
TRAINING class wise acc@37 :: {0: [0.9058], 1: [0.9396], 2: [0.8352], 3: [0.845], 4: [0.9334], 5: [0.0], 6: [0.0], 7: [0.5036], 8: [0.8576], 9: [0.8724]}
TRAIINING epoch@37 ::  acc@0.743  loss@0.777
[[4529    0  269   41    4    0    0    1  148    8]
 [  17 4698    6    3    0    0    0    0   36  240]
 [ 214    1 4176  512   39    0    0   48    8    2]
 [  20    0  353 4225  108    0    1  291    2    0]
 [   1    0   10  119 4667    0    0  203    0    0]
 [   5    0  100 2143   65    0    1  185    1    0]
 [   1    0    7  126 2220    0    0  146    0    0]
 [   1    0   18  984  238    0    0 1259    0    0]
 [ 246    6   26   10    1    0    0    0 2144   67]
 [  48  114   13    4    0    0    0    0  140 2181]]
TESTING class wise acc@37 :: {0: [0.807], 1: [0.849], 2: [0.762], 3: [0.575], 4: [0.815], 5: [0.0], 6: [0.0], 7: [0.461], 8: [0.755], 9: [0.839]}
TESTING epoch@37 ::  acc@0.586  loss@1.687
Epoch@@38
[[807   2 105  23   6   0   0   7  39  11]
 [ 17 849   7   6   3   0   0   1  14 103]
 [ 51   0 762  87  54   0   0  38   4   4]
 [ 12   1 162 575  85   0   0 159   3   3]
 [  6   0  55  53 815   0   0  67   3   1]
 [  6   0 124 568  67   0   0 233   1   1]
 [  6   0  56  80 775   0   0  83   0   0]
 [ 12   0  51 135 339   0   0 461   0   2]
 [140   6  18  14   3   0   0   5 755  59]
 [ 39  35  22  12   3   0   0   4  46 839]]
TRAINING class wise acc@38 :: {0: [0.91], 1: [0.9526], 2: [0.8528], 3: [0.8556], 4: [0.9414], 5: [0.0], 6: [0.0008], 7: [0.5272], 8: [0.8688], 9: [0.8796]}
TRAIINING epoch@38 ::  acc@0.753  loss@0.729
[[4550    2  275   25    1    0    0    1  136   10]
 [  12 4763    2    0    0    0    0    0   17  206]
 [ 216    0 4264  459   31    0    0   29    1    0]
 [  11    0  314 4278  103    0    4  290    0    0]
 [   1    0   12   96 4707    0    4  179    0    1]
 [   3    0  105 2159   37    0    0  196    0    0]
 [   1    0    4  100 2220    0    2  173    0    0]
 [   1    0   16  947  213    0    5 1318    0    0]
 [ 244    2   16    4    1    0    0    0 2172   61]
 [  37  103   13    5    1    0    0    1  141 2199]]
TESTING class wise acc@38 :: {0: [0.842], 1: [0.905], 2: [0.733], 3: [0.765], 4: [0.74], 5: [0.0], 6: [0.0], 7: [0.597], 8: [0.776], 9: [0.846]}
TESTING epoch@38 ::  acc@0.620  loss@1.764
Epoch@@39
[[842   3  91  17   4   0   0   2  28  13]
 [  8 905   6   3   1   0   0   0  22  55]
 [ 50   0 733 140  42   0   0  29   3   3]
 [ 20   1 124 765  31   0   0  49   5   5]
 [  9   1  44  95 740   0   0 109   2   0]
 [ 10   0  92 814  24   0   0  57   1   2]
 [  8   0  51 157 651   0   0 129   4   0]
 [ 13   0  39 305  41   0   0 597   5   0]
 [140   6  19  15   2   0   0   4 776  38]
 [ 28  63  15   9   0   0   0   2  37 846]]
TRAINING class wise acc@39 :: {0: [0.9364], 1: [0.961], 2: [0.8978], 3: [0.8966], 4: [0.9458], 5: [0.0], 6: [0.2228], 7: [0.624], 8: [0.908], 9: [0.9132]}
TRAIINING epoch@39 ::  acc@0.796  loss@0.607
[[4682    0  198   12    1    0    0    2  103    2]
 [   2 4805    3    0    0    0    0    0    9  181]
 [ 158    0 4489  323    5    0    3   21    1    0]
 [   5    0  239 4483   29    0   30  213    1    0]
 [   0    0    3   40 4729    0  117  111    0    0]
 [   0    0   81 2208   20    0   22  169    0    0]
 [   0    0    4   66 1604    0  557  269    0    0]
 [   0    0   10  659  105    0  166 1560    0    0]
 [ 178    1    8    4    0    0    0    0 2270   39]
 [  14  109    3    2    0    0    0    0   89 2283]]
TESTING class wise acc@39 :: {0: [0.817], 1: [0.876], 2: [0.667], 3: [0.747], 4: [0.849], 5: [0.0], 6: [0.373], 7: [0.301], 8: [0.767], 9: [0.79]}
TESTING epoch@39 ::  acc@0.619  loss@1.688
Epoch@@40
[[817   0 110  33   4   0   4   3  21   8]
 [ 10 876  10   5   1   0   0   1  23  74]
 [ 52   0 667 164  68   0  33  13   3   0]
 [ 12   1  82 747  54   0  54  45   5   0]
 [  4   0  21  60 849   0  47  17   2   0]
 [ 11   0  54 810  59   0  25  40   1   0]
 [  2   0  40 112 436   0 373  36   1   0]
 [  7   0  25 246 150   0 270 301   0   1]
 [146   5  27  12   5   0   2   3 767  33]
 [ 38  56  21  19   1   0   3   3  69 790]]
TRAINING class wise acc@40 :: {0: [0.918], 1: [0.955], 2: [0.8612], 3: [0.8752], 4: [0.9108], 5: [0.0], 6: [0.5808], 7: [0.5368], 8: [0.8876], 9: [0.9032]}
TRAIINING epoch@40 ::  acc@0.797  loss@0.673
[[4590    0  258   20    4    0    3    4  116    5]
 [   9 4775    7    2    0    0    0    0   17  190]
 [ 194    0 4306  448   10    0   17   24    1    0]
 [  16    0  252 4376   57    0   89  208    1    1]
 [   0    0    7   71 4554    0  271   97    0    0]
 [   1    0   88 2181   27    0   40  163    0    0]
 [   1    0    6  109  727    0 1452  204    0    1]
 [   0    0   16  656  107    0  379 1342    0    0]
 [ 213    2   16    3    1    0    0    1 2219   45]
 [  31   95    6    5    0    0    0    0  105 2258]]
TESTING class wise acc@40 :: {0: [0.806], 1: [0.811], 2: [0.74], 3: [0.799], 4: [0.676], 5: [0.0], 6: [0.592], 7: [0.327], 8: [0.864], 9: [0.638]}
TESTING epoch@40 ::  acc@0.625  loss@1.817
Epoch@@41
[[806   0  91  33   2   0   2   0  63   3]
 [ 15 811   9   6   1   0   0   0  78  80]
 [ 56   0 740 138  25   0  32   4   5   0]
 [ 21   1 115 799  13   0  35  11   5   0]
 [ 11   0  59 118 676   0 114  20   2   0]
 [  7   0  97 815  12   0  37  31   1   0]
 [  7   0  73 182 139   0 592   6   1   0]
 [ 11   0  36 283  28   0 315 327   0   0]
 [ 94   0  20  17   2   0   1   0 864   2]
 [ 66  40  32  15   0   0   4   0 205 638]]
TRAINING class wise acc@41 :: {0: [0.9268], 1: [0.9636], 2: [0.8588], 3: [0.8404], 4: [0.9], 5: [0.0636], 6: [0.86], 7: [0.7648], 8: [0.9052], 9: [0.9252]}
TRAIINING epoch@41 ::  acc@0.833  loss@0.506
[[4634    0  210   33    2    3    2    0  108    8]
 [   3 4818    5    1    0    0    0    0   28  145]
 [ 198    0 4294  418   11   32   21   22    1    3]
 [  13    0  228 4202   24  192  121  219    1    0]
 [   0    0    4   53 4500    3  302  138    0    0]
 [   2    0   65 1917   32  159   31  294    0    0]
 [   0    0    5   93  202    2 2150   48    0    0]
 [   2    0    9  347  112   69   49 1912    0    0]
 [ 178    3   10    3    0    0    0    0 2263   43]
 [  30   71    8    1    0    0    0    0   77 2313]]
TESTING class wise acc@41 :: {0: [0.888], 1: [0.936], 2: [0.513], 3: [0.794], 4: [0.772], 5: [0.131], 6: [0.761], 7: [0.686], 8: [0.86], 9: [0.77]}
TESTING epoch@41 ::  acc@0.711  loss@1.572
Epoch@@42
[[888   4  14  28   2   2   2   3  50   7]
 [  8 936   2   4   0   0   0   0  15  35]
 [107   0 513 249  47  34  24  21   4   1]
 [ 37   1  29 794  33  37  42  17   7   3]
 [  8   0  17  70 772  24  36  69   3   1]
 [ 18   0  15 725  25 131  19  63   2   2]
 [ 15   0  12 134  60   9 761   6   3   0]
 [ 15   1   5 130  55  97   9 686   0   2]
 [ 96  11   3  14   0   0   2   1 860  13]
 [ 44 114  10  17   1   2   2   1  39 770]]
TRAINING class wise acc@42 :: {0: [0.953], 1: [0.9746], 2: [0.8942], 3: [0.8518], 4: [0.9318], 5: [0.1608], 6: [0.8832], 7: [0.8304], 8: [0.932], 9: [0.948]}
TRAIINING epoch@42 ::  acc@0.864  loss@0.388
[[4765    1  137   10    0    0    1    0   79    7]
 [   3 4873    2    0    0    0    0    0   15  107]
 [ 154    0 4471  307    4   48    2   10    1    3]
 [  10    0  171 4259   23  339   69  129    0    0]
 [   0    0    0   24 4659   12  205  100    0    0]
 [   3    0   65 1710   23  402   30  266    0    1]
 [   1    0    2   86  180    8 2208   15    0    0]
 [   2    0    5  176   90  130   21 2076    0    0]
 [ 125    4    9    0    0    0    1    0 2330   31]
 [  13   53   11    0    0    0    0    0   53 2370]]
TESTING class wise acc@42 :: {0: [0.82], 1: [0.898], 2: [0.679], 3: [0.762], 4: [0.675], 5: [0.051], 6: [0.84], 7: [0.676], 8: [0.601], 9: [0.718]}
TESTING epoch@42 ::  acc@0.672  loss@1.755
Epoch@@43
[[820   3  77  57   5   6   6   8  11   7]
 [  9 898  12  13   0   1   3   0  12  52]
 [ 56   0 679 168  31  11  46   8   1   0]
 [ 11   1  86 762  25  13  89  12   1   0]
 [  5   0  35  77 675  10 143  53   1   1]
 [  3   0  64 773  18  51  54  37   0   0]
 [  1   0  25 126   5   2 840   1   0   0]
 [  4   0  28 157  37  78  20 676   0   0]
 [260  13  28  59   3   3   9   3 601  21]
 [ 42  92  54  48   3   9   3  15  16 718]]
TRAINING class wise acc@43 :: {0: [0.96], 1: [0.9796], 2: [0.9206], 3: [0.8554], 4: [0.9502], 5: [0.308], 6: [0.9032], 7: [0.8532], 8: [0.9384], 9: [0.956]}
TRAIINING epoch@43 ::  acc@0.886  loss@0.324
[[4800    0  110   15    0    2    0    1   69    3]
 [   1 4898    2    0    0    0    0    0   16   83]
 [ 139    0 4603  206    6   41    1    2    0    2]
 [  18    0  142 4277   24  424   54   61    0    0]
 [   0    0    0   11 4751    9  158   71    0    0]
 [   0    0   51 1442   18  770   26  193    0    0]
 [   0    0    0   70  148   15 2258    9    0    0]
 [   1    0    1   88   92  169   16 2133    0    0]
 [ 104    9    9    0    0    0    0    0 2346   32]
 [  12   43    3    2    0    1    0    0   49 2390]]
TESTING class wise acc@43 :: {0: [0.836], 1: [0.879], 2: [0.694], 3: [0.698], 4: [0.773], 5: [0.365], 6: [0.803], 7: [0.792], 8: [0.858], 9: [0.884]}
TESTING epoch@43 ::  acc@0.758  loss@1.383
Epoch@@44
[[836   3  42  41   2   4   6   4  50  12]
 [  6 879   5   6   0   0   0   1  13  90]
 [ 52   0 694 106  41  55  34  14   1   3]
 [ 11   1  67 698  31  99  61  29   3   0]
 [  6   0  29  47 773  21  56  66   1   1]
 [  6   0  53 388  27 365  20 140   1   0]
 [  4   0  25 110  30  20 803   7   1   0]
 [  6   0  22  53  36  82   8 792   0   1]
 [ 69   7  11  18   2   1   4   1 858  29]
 [ 21  28  20  13   0   6   3   3  22 884]]
TRAINING class wise acc@44 :: {0: [0.9738], 1: [0.9826], 2: [0.9408], 3: [0.8612], 4: [0.9626], 5: [0.478], 6: [0.9232], 7: [0.8772], 8: [0.9612], 9: [0.9648]}
TRAIINING epoch@44 ::  acc@0.910  loss@0.258
[[4869    1   79   14    0    0    0    0   35    2]
 [   2 4913    2    0    0    0    0    0   13   70]
 [  97    0 4704  152    1   42    0    1    1    2]
 [   8    0  106 4306   13  485   54   28    0    0]
 [   0    0    0    8 4813    7  130   42    0    0]
 [   1    0   37 1108   12 1195   15  132    0    0]
 [   0    0    0   45  128   13 2308    6    0    0]
 [   0    0    2   38   95  165    7 2193    0    0]
 [  72    1    4    0    0    0    0    0 2403   20]
 [   9   39    6    0    0    0    0    0   34 2412]]
TESTING class wise acc@44 :: {0: [0.853], 1: [0.932], 2: [0.649], 3: [0.576], 4: [0.766], 5: [0.395], 6: [0.869], 7: [0.758], 8: [0.818], 9: [0.854]}
TESTING epoch@44 ::  acc@0.747  loss@1.654
Epoch@@45
[[853   3  58  29   2   3   3   3  27  19]
 [  6 932   4   4   0   0   0   0  13  41]
 [ 55   0 649 119  41  52  56  24   1   3]
 [ 30   1  64 576  31 108 139  44   4   3]
 [  6   0  24  54 766  27  55  62   3   3]
 [ 11   1  44 281  40 395  59 165   1   3]
 [  6   0  14  67  29   9 869   5   0   1]
 [ 15   0  28  42  57  77  19 758   2   2]
 [109  14   8  11   1   1   5   1 818  32]
 [ 31  68  12   9   0   3   1   3  19 854]]
TRAINING class wise acc@45 :: {0: [0.9676], 1: [0.9862], 2: [0.937], 3: [0.856], 4: [0.9546], 5: [0.5476], 6: [0.9192], 7: [0.8732], 8: [0.9524], 9: [0.9628]}
TRAIINING epoch@45 ::  acc@0.911  loss@0.268
[[4838    0   78   19    0    0    0    0   59    6]
 [   0 4931    2    0    0    0    0    0   15   52]
 [  79    0 4685  171    2   55    3    4    0    1]
 [  20    0  114 4280   30  472   74   10    0    0]
 [   0    0    0   15 4773   15  125   72    0    0]
 [   1    0   45  903   24 1369   18  140    0    0]
 [   0    0    2   72  111   15 2298    2    0    0]
 [   0    0    3   29   91  188    6 2183    0    0]
 [  85    4    5    1    0    0    0    0 2381   24]
 [  13   37    6    2    0    0    0    0   35 2407]]
TESTING class wise acc@45 :: {0: [0.793], 1: [0.888], 2: [0.729], 3: [0.732], 4: [0.76], 5: [0.337], 6: [0.834], 7: [0.699], 8: [0.837], 9: [0.798]}
TESTING epoch@45 ::  acc@0.741  loss@1.545
Epoch@@46
[[793   2  75  39   4   6   5   4  61  11]
 [  7 888   5   7   0   0   2   0  15  76]
 [ 37   0 729 116  40  30  39   7   0   2]
 [ 18   1  67 732  30  71  67  12   2   0]
 [  2   0  28  64 760  21  96  24   5   0]
 [  9   0  61 466  41 337  27  59   0   0]
 [  4   0  19 107  23   9 834   2   2   0]
 [  8   0  27  71 103  81  10 699   0   1]
 [ 84  12  11  24   4   0   3   2 837  23]
 [ 46  49  35  29   3   3   3   1  33 798]]
TRAINING class wise acc@46 :: {0: [0.9474], 1: [0.9714], 2: [0.8898], 3: [0.8464], 4: [0.938], 5: [0.556], 6: [0.9088], 7: [0.8476], 8: [0.9156], 9: [0.9448]}
TRAIINING epoch@46 ::  acc@0.891  loss@0.366
[[4737    0  133   41    1    2    1    1   80    4]
 [   6 4857    7    3    0    0    0    1   25  101]
 [ 147    1 4449  258   24  105    5    7    0    4]
 [  28    0  152 4232   54  430   75   29    0    0]
 [   1    0    8   41 4690   38  134   87    1    0]
 [   1    0   67  843   51 1390   13  134    0    1]
 [   1    0    4   96  111   14 2272    1    0    1]
 [   2    0   10   44  120  200    4 2119    0    1]
 [ 153   12   11    3    0    0    1    0 2289   31]
 [  20   54   17    4    1    1    1    0   40 2362]]
TESTING class wise acc@46 :: {0: [0.818], 1: [0.896], 2: [0.752], 3: [0.628], 4: [0.722], 5: [0.483], 6: [0.667], 7: [0.604], 8: [0.808], 9: [0.856]}
TESTING epoch@46 ::  acc@0.723  loss@1.405
Epoch@@47
[[818   4  72  22   3   4   2   1  60  14]
 [  6 896  10   1   0   0   1   0  23  63]
 [ 54   1 752  65  38  60  15  10   0   5]
 [ 32   2 144 628  29 140  18   2   2   3]
 [  8   0  55  62 722  71  22  57   2   1]
 [  9   0 174 272  28 483   7  23   1   3]
 [  7   0  52 182  57  31 667   2   2   0]
 [ 18   0  70  52  25 226   1 604   3   1]
 [110   7  15  16   3   3   3   0 808  35]
 [ 28  54  24   3   2   8   1   2  22 856]]
TRAINING class wise acc@47 :: {0: [0.9578], 1: [0.9796], 2: [0.9234], 3: [0.87], 4: [0.9582], 5: [0.62], 6: [0.9156], 7: [0.8704], 8: [0.9372], 9: [0.96]}
TRAIINING epoch@47 ::  acc@0.912  loss@0.277
[[4789    0  100   34    0    0    1    0   66   10]
 [   3 4898    1    0    0    0    0    0   19   79]
 [ 115    0 4617  181    4   67    9    4    0    3]
 [  20    0  123 4350   37  398   65    7    0    0]
 [   0    0    4   22 4791   22  102   59    0    0]
 [   0    0   53  750   29 1550    8  110    0    0]
 [   2    0    3   89  105   11 2289    1    0    0]
 [   1    0    4   27   91  198    3 2176    0    0]
 [ 131    3    5    0    0    0    0    0 2343   18]
 [  10   46    9    0    0    3    0    0   32 2400]]
TESTING class wise acc@47 :: {0: [0.864], 1: [0.879], 2: [0.752], 3: [0.729], 4: [0.766], 5: [0.535], 6: [0.72], 7: [0.705], 8: [0.843], 9: [0.89]}
TESTING epoch@47 ::  acc@0.768  loss@1.384
Epoch@@48
[[864   1  47  26   3   6   0   3  32  18]
 [  7 879   3   3   0   1   1   0  12  94]
 [ 61   0 752  90  37  43  11   4   0   2]
 [ 22   1  82 729  27  98  29   4   3   5]
 [  5   0  30  69 766  53  37  37   3   0]
 [  6   0  65 323  30 535  14  26   1   0]
 [  9   0  38 175  37  14 720   4   2   1]
 [ 11   0  33  70  43 131   3 705   1   3]
 [ 91  10   8  15   2   2   2   0 843  27]
 [ 27  38   8  13   0   2   0   2  20 890]]
TRAINING class wise acc@48 :: {0: [0.9632], 1: [0.981], 2: [0.9292], 3: [0.8836], 4: [0.9612], 5: [0.6772], 6: [0.9384], 7: [0.8956], 8: [0.944], 9: [0.958]}
TRAIINING epoch@48 ::  acc@0.923  loss@0.246
[[4816    0   80   35    1    1    1    0   61    5]
 [   0 4905    1    1    0    0    0    0   20   73]
 [  91    0 4646  189    5   63    1    1    1    3]
 [  17    0  102 4418   23  397   39    4    0    0]
 [   0    0    4   20 4806   32   83   55    0    0]
 [   2    0   48  630   28 1693    9   88    0    2]
 [   0    0    0   62   84    8 2346    0    0    0]
 [   0    0    2   12   96  149    2 2239    0    0]
 [ 105    6    5    3    0    0    0    0 2360   21]
 [  11   50   17    3    0    0    0    0   24 2395]]
TESTING class wise acc@48 :: {0: [0.843], 1: [0.884], 2: [0.732], 3: [0.669], 4: [0.858], 5: [0.426], 6: [0.747], 7: [0.669], 8: [0.77], 9: [0.826]}
TESTING epoch@48 ::  acc@0.742  loss@1.524
Epoch@@49
[[843   3  54  41  13   8   3   1  24  10]
 [  9 884   7   3   1   1   1   0  15  79]
 [ 45   0 732  72  81  43  20   3   3   1]
 [ 31   1  93 669  73  78  43   8   3   1]
 [  6   0  27  44 858  21  20  22   2   0]
 [ 10   0  85 355  72 426  20  29   2   1]
 [  8   0  25 111  90  17 747   0   2   0]
 [ 14   0  35  67  87 124   4 669   0   0]
 [134  17  15  22   9   2   2   0 770  29]
 [ 41  52  32  23   3   0   3   1  19 826]]
TRAINING class wise acc@49 :: {0: [0.9724], 1: [0.9858], 2: [0.95], 3: [0.9054], 4: [0.9702], 5: [0.7272], 6: [0.9436], 7: [0.9168], 8: [0.9644], 9: [0.9688]}
TRAIINING epoch@49 ::  acc@0.939  loss@0.191
[[4862    0   66   18    0    1    1    0   48    4]
 [   2 4929    2    0    0    0    0    0   10   57]
 [  83    0 4750  116    4   44    0    2    0    1]
 [  16    0   63 4527   16  329   46    2    0    1]
 [   0    0    0   17 4851   17   64   51    0    0]
 [   0    0   37  529   32 1818    7   77    0    0]
 [   0    0    3   57   73    8 2359    0    0    0]
 [   0    0    3    8   71  125    1 2292    0    0]
 [  75    3    2    0    0    0    0    0 2411    9]
 [   8   41    9    1    0    0    0    0   19 2422]]
TESTING class wise acc@49 :: {0: [0.844], 1: [0.856], 2: [0.65], 3: [0.727], 4: [0.753], 5: [0.585], 6: [0.781], 7: [0.687], 8: [0.818], 9: [0.923]}
TESTING epoch@49 ::  acc@0.762  loss@1.671
[[844   1  31  41   3   7   1   0  30  42]
 [  6 856   5   2   0   0   0   0  16 115]
 [ 59   0 650 137  53  60  28   5   1   7]
 [ 26   1  47 727  35 101  45   7   4   7]
 [ 18   0  24  80 753  47  46  26   4   2]
 [ 11   0  42 274  39 585  15  28   1   5]
 [ 13   0  21 114  45  16 781   3   3   4]
 [ 11   0  16  70  64 136   3 687   3  10]
 [ 92   9   4  11   0   1   4   0 818  61]
 [ 17  25   7   9   0   3   0   1  15 923]]
